-4.344815611839294434e-01,3.706485331058502197e-01,-6.615889258682727814e-03,-7.454751431941986084e-02,-2.878156900405883789e-01,-2.575498223304748535e-01,6.674314141273498535e-01
-4.255974292755126953e-01,3.729974031448364258e-01,-1.123443990945816040e-02,-8.415484428405761719e-02,-2.745220661163330078e-01,-2.521789669990539551e-01,6.509702801704406738e-01
-4.326456487178802490e-01,3.675565421581268311e-01,-7.285683881491422653e-03,-6.803613156080245972e-02,-2.721112370491027832e-01,-2.529913485050201416e-01,6.636187434196472168e-01
-4.323940873146057129e-01,3.641610145568847656e-01,-1.194841600954532623e-02,-6.631137430667877197e-02,-2.732184529304504395e-01,-2.551954984664916992e-01,6.679978966712951660e-01
-4.330289959907531738e-01,3.639650344848632812e-01,-9.270465001463890076e-03,-6.323882192373275757e-02,-2.744283080101013184e-01,-2.554133832454681396e-01,6.721327304840087891e-01
-4.332859814167022705e-01,3.626983165740966797e-01,-6.829924881458282471e-03,-6.091884896159172058e-02,-2.770122587680816650e-01,-2.561737596988677979e-01,6.724115014076232910e-01
-4.331762194633483887e-01,3.608809709548950195e-01,-5.992401391267776489e-03,-5.844833329319953918e-02,-2.801283597946166992e-01,-2.577856481075286865e-01,6.702523827552795410e-01
-4.336620867252349854e-01,3.608271181583404541e-01,-6.268706172704696655e-03,-5.592418462038040161e-02,-2.823096215724945068e-01,-2.590892612934112549e-01,6.686081886291503906e-01
-4.350211322307586670e-01,3.629034161567687988e-01,-6.966612301766872406e-03,-5.334903672337532043e-02,-2.825958430767059326e-01,-2.584788799285888672e-01,6.685026288032531738e-01
-4.370154440402984619e-01,3.662993907928466797e-01,-7.504163775593042374e-03,-5.054526776075363159e-02,-2.818720936775207520e-01,-2.561019062995910645e-01,6.694455146789550781e-01
-4.391287863254547119e-01,3.685172200202941895e-01,-7.753079757094383240e-03,-4.703492671251296997e-02,-2.806265056133270264e-01,-2.527028620243072510e-01,6.704773902893066406e-01
-4.411410391330718994e-01,3.689379692077636719e-01,-7.179930806159973145e-03,-4.303061962127685547e-02,-2.795284986495971680e-01,-2.500010430812835693e-01,6.710177659988403320e-01
-4.429313242435455322e-01,3.683517277240753174e-01,-5.915353074669837952e-03,-4.009062796831130981e-02,-2.788684368133544922e-01,-2.484946697950363159e-01,6.709621548652648926e-01
-4.441940188407897949e-01,3.684749901294708252e-01,-4.112216643989086151e-03,-3.971780464053153992e-02,-2.789977490901947021e-01,-2.472757250070571899e-01,6.706038117408752441e-01
-4.445985853672027588e-01,3.708616197109222412e-01,-1.919114496558904648e-03,-4.276273772120475769e-02,-2.801146805286407471e-01,-2.457822263240814209e-01,6.702107191085815430e-01
-4.441623687744140625e-01,3.753411471843719482e-01,5.105417221784591675e-04,-4.851175099611282349e-02,-2.825325727462768555e-01,-2.439897060394287109e-01,6.697754859924316406e-01
-4.436011910438537598e-01,3.810851573944091797e-01,3.433896694332361221e-03,-5.523069575428962708e-02,-2.870329916477203369e-01,-2.434423118829727173e-01,6.697325706481933594e-01
-4.434697926044464111e-01,3.864273726940155029e-01,6.464233621954917908e-03,-6.079223379492759705e-02,-2.928496003150939941e-01,-2.445009797811508179e-01,6.703487038612365723e-01
-4.440980553627014160e-01,3.898693621158599854e-01,9.007907472550868988e-03,-6.394560635089874268e-02,-2.986471652984619141e-01,-2.474075406789779663e-01,6.716998815536499023e-01
-4.452373981475830078e-01,3.908493220806121826e-01,1.066032331436872482e-02,-6.436157226562500000e-02,-3.024908006191253662e-01,-2.522612512111663818e-01,6.736807227134704590e-01
-4.465181827545166016e-01,3.903421163558959961e-01,1.168828643858432770e-02,-6.364101916551589966e-02,-3.043486773967742920e-01,-2.583869099617004395e-01,6.755308508872985840e-01
-4.475390911102294922e-01,3.890245556831359863e-01,1.168113760650157928e-02,-6.283751875162124634e-02,-3.042142391204833984e-01,-2.641521394252777100e-01,6.763317584991455078e-01
-4.481418728828430176e-01,3.855309784412384033e-01,8.840688504278659821e-03,-6.031318753957748413e-02,-3.003524839878082275e-01,-2.676605880260467529e-01,6.756268739700317383e-01
-4.484501481056213379e-01,3.770511448383331299e-01,9.672601590864360332e-04,-5.281952023506164551e-02,-2.892132699489593506e-01,-2.669829130172729492e-01,6.734029054641723633e-01
-4.484748244285583496e-01,3.615845441818237305e-01,-1.340475678443908691e-02,-3.736208379268646240e-02,-2.669584751129150391e-01,-2.624629139900207520e-01,6.705474257469177246e-01
-4.482325911521911621e-01,3.392654359340667725e-01,-3.325581550598144531e-02,-1.549899484962224960e-02,-2.321725040674209595e-01,-2.578414082527160645e-01,6.685287356376647949e-01
-4.461561441421508789e-01,3.073876798152923584e-01,-6.012371182441711426e-02,1.384025905281305313e-02,-1.839397102594375610e-01,-2.505123317241668701e-01,6.698090434074401855e-01
-4.420959651470184326e-01,2.677207589149475098e-01,-8.966821432113647461e-02,5.254869908094406128e-02,-1.246154457330703735e-01,-2.398441582918167114e-01,6.729503273963928223e-01
-4.387479126453399658e-01,2.269468307495117188e-01,-1.232799515128135681e-01,8.966751396656036377e-02,-5.958680436015129089e-02,-2.344314008951187134e-01,6.777588725090026855e-01
-4.375121295452117920e-01,1.968395113945007324e-01,-1.552897691726684570e-01,1.196085587143898010e-01,-7.553295698016881943e-03,-2.382854521274566650e-01,6.843963861465454102e-01
-4.370959699153900146e-01,1.785839498043060303e-01,-1.799363344907760620e-01,1.428821384906768799e-01,2.696379274129867554e-02,-2.434016466140747070e-01,6.870838999748229980e-01
-4.343494474887847900e-01,1.728791743516921997e-01,-1.963907033205032349e-01,1.547739207744598389e-01,4.920077323913574219e-02,-2.397319525480270386e-01,6.837669610977172852e-01
-4.281398355960845947e-01,1.734088957309722900e-01,-2.057040780782699585e-01,1.578174531459808350e-01,6.511974334716796875e-02,-2.342042773962020874e-01,6.766858100891113281e-01
-4.202196002006530762e-01,1.764892190694808960e-01,-2.089307159185409546e-01,1.537784636020660400e-01,7.752860337495803833e-02,-2.315051555633544922e-01,6.696541905403137207e-01
-4.128329455852508545e-01,1.837489157915115356e-01,-2.105588167905807495e-01,1.499131619930267334e-01,8.762439340353012085e-02,-2.302048951387405396e-01,6.652948260307312012e-01
-4.119065999984741211e-01,1.964457184076309204e-01,-2.141868025064468384e-01,1.476730555295944214e-01,9.639590978622436523e-02,-2.312178611755371094e-01,6.671046614646911621e-01
-4.182613193988800049e-01,2.196156233549118042e-01,-2.153625637292861938e-01,1.425467580556869507e-01,9.694881737232208252e-02,-2.353495657444000244e-01,6.734932065010070801e-01
-4.190237820148468018e-01,2.327830642461776733e-01,-2.159232199192047119e-01,1.427630186080932617e-01,1.003320962190628052e-01,-2.347461432218551636e-01,6.815044879913330078e-01
-4.187726080417633057e-01,2.350132614374160767e-01,-2.172278463840484619e-01,1.472716480493545532e-01,1.091822758316993713e-01,-2.322457581758499146e-01,6.902112364768981934e-01
-4.226192235946655273e-01,2.335058152675628662e-01,-2.201612293720245361e-01,1.553729772567749023e-01,1.124622151255607605e-01,-2.348814010620117188e-01,7.005476951599121094e-01
-4.243124723434448242e-01,2.284260094165802002e-01,-2.273881137371063232e-01,1.736930757761001587e-01,1.033303961157798767e-01,-2.348138839006423950e-01,7.075759768486022949e-01
-4.195887148380279541e-01,2.201121747493743896e-01,-2.377195656299591064e-01,2.087920755147933960e-01,7.912389934062957764e-02,-2.307396531105041504e-01,7.031645178794860840e-01
-4.140368700027465820e-01,2.061273008584976196e-01,-2.437085509300231934e-01,2.434601187705993652e-01,5.767665058374404907e-02,-2.321167439222335815e-01,6.899820566177368164e-01
-4.152712225914001465e-01,1.871942877769470215e-01,-2.423205822706222534e-01,2.646106183528900146e-01,4.537571594119071960e-02,-2.451389580965042114e-01,6.720979809761047363e-01
-4.141404628753662109e-01,1.827501952648162842e-01,-2.350363880395889282e-01,2.835738956928253174e-01,1.775047928094863892e-02,-2.608981430530548096e-01,6.400512456893920898e-01
-4.099073112010955811e-01,1.959615349769592285e-01,-2.329403758049011230e-01,3.145115375518798828e-01,-3.807675093412399292e-02,-2.772913277149200439e-01,5.717175602912902832e-01
-4.065605700016021729e-01,2.155466675758361816e-01,-2.416246384382247925e-01,3.437501788139343262e-01,-1.062914282083511353e-01,-2.879484891891479492e-01,4.569014310836791992e-01
-4.049506485462188721e-01,2.309848815202713013e-01,-2.478907257318496704e-01,3.546158671379089355e-01,-1.607258319854736328e-01,-2.883764207363128662e-01,3.212002217769622803e-01
-4.068121910095214844e-01,2.443614900112152100e-01,-2.513089179992675781e-01,3.544431626796722412e-01,-1.954888403415679932e-01,-2.801541686058044434e-01,2.185170054435729980e-01
-4.122056961059570312e-01,2.635248899459838867e-01,-2.546504735946655273e-01,3.559511005878448486e-01,-2.192955911159515381e-01,-2.655739784240722656e-01,1.686306744813919067e-01
-4.133028686046600342e-01,2.859914600849151611e-01,-2.616153359413146973e-01,3.650661706924438477e-01,-2.340964674949645996e-01,-2.457902878522872925e-01,1.545802652835845947e-01
-4.127390682697296143e-01,3.127995729446411133e-01,-2.729565203189849854e-01,3.756183385848999023e-01,-2.478089630603790283e-01,-2.349872738122940063e-01,1.490530073642730713e-01
-4.139764904975891113e-01,3.458486497402191162e-01,-2.837831079959869385e-01,3.767959177494049072e-01,-2.651053369045257568e-01,-2.329173535108566284e-01,1.399150341749191284e-01
-4.179123938083648682e-01,3.864909112453460693e-01,-2.879700362682342529e-01,3.678619563579559326e-01,-2.847118377685546875e-01,-2.290414720773696899e-01,1.316674202680587769e-01
-4.230562746524810791e-01,4.323172569274902344e-01,-2.897116839885711670e-01,3.560936152935028076e-01,-3.029173314571380615e-01,-2.143216282129287720e-01,1.291633844375610352e-01
-4.276752769947052002e-01,4.764871001243591309e-01,-2.902675569057464600e-01,3.498090207576751709e-01,-3.231306374073028564e-01,-1.811713725328445435e-01,1.215424090623855591e-01
-4.283056855201721191e-01,5.188830494880676270e-01,-2.913909256458282471e-01,3.452779948711395264e-01,-3.526063859462738037e-01,-1.147190630435943604e-01,9.855835139751434326e-02
-4.287305772304534912e-01,5.604985356330871582e-01,-2.942602634429931641e-01,3.281883895397186279e-01,-4.032244980335235596e-01,-2.484383806586265564e-02,7.007551193237304688e-02
-4.216932654380798340e-01,6.019561290740966797e-01,-2.931247949600219727e-01,2.887078523635864258e-01,-4.578151404857635498e-01,4.601800069212913513e-02,4.740158468484878540e-02
-4.143643677234649658e-01,6.458945870399475098e-01,-2.874001860618591309e-01,2.303045839071273804e-01,-5.016896128654479980e-01,7.143013179302215576e-02,3.473912924528121948e-02
-4.124894738197326660e-01,6.922019124031066895e-01,-2.895892560482025146e-01,1.659796983003616333e-01,-5.274464488029479980e-01,7.362881302833557129e-02,2.509152144193649292e-02
-4.181872308254241943e-01,7.344200611114501953e-01,-2.943472862243652344e-01,1.137264966964721680e-01,-5.353276133537292480e-01,6.930530816316604614e-02,3.046887181699275970e-02
-4.238040745258331299e-01,7.614330053329467773e-01,-2.983812093734741211e-01,8.460626006126403809e-02,-5.332558155059814453e-01,6.567697227001190186e-02,4.827484488487243652e-02
-4.206011593341827393e-01,7.744268178939819336e-01,-3.058176636695861816e-01,7.016396522521972656e-02,-5.270392298698425293e-01,5.901501700282096863e-02,6.206195428967475891e-02
-4.125691354274749756e-01,7.808867096900939941e-01,-3.156098425388336182e-01,6.707998365163803101e-02,-5.180566310882568359e-01,5.184567719697952271e-02,6.414893269538879395e-02
-4.078826010227203369e-01,7.856230735778808594e-01,-3.238362967967987061e-01,6.542431563138961792e-02,-5.068075060844421387e-01,4.969839006662368774e-02,5.504434183239936829e-02
-4.033578038215637207e-01,7.867190241813659668e-01,-3.279887139797210693e-01,6.431031972169876099e-02,-4.880866706371307373e-01,5.466476827859878540e-02,3.956931084394454956e-02
-3.993486464023590088e-01,7.865933775901794434e-01,-3.263362348079681396e-01,6.493915617465972900e-02,-4.660266935825347900e-01,5.455825105309486389e-02,2.609404176473617554e-02
-3.978748917579650879e-01,7.901526689529418945e-01,-3.175676167011260986e-01,5.857731029391288757e-02,-4.533128142356872559e-01,4.936156421899795532e-02,2.430445514619350433e-02
-3.970728218555450439e-01,7.971616983413696289e-01,-3.001850545406341553e-01,4.315208643674850464e-02,-4.605413079261779785e-01,4.325727745890617371e-02,3.263182938098907471e-02
-3.928761780261993408e-01,8.009838461875915527e-01,-2.778406739234924316e-01,2.817226946353912354e-02,-4.841651022434234619e-01,3.734876587986946106e-02,4.524607956409454346e-02
-3.826413154602050781e-01,7.931684851646423340e-01,-2.622414231300354004e-01,2.113575488328933716e-02,-5.107168555259704590e-01,3.160999715328216553e-02,5.910574272274971008e-02
-3.646596372127532959e-01,7.624038457870483398e-01,-2.547999322414398193e-01,2.616293728351593018e-02,-5.245053172111511230e-01,3.013821318745613098e-02,6.358874589204788208e-02
-3.392081260681152344e-01,6.908338665962219238e-01,-2.508116364479064941e-01,4.411575198173522949e-02,-5.165103077888488770e-01,3.500919789075851440e-02,5.858807265758514404e-02
-3.129428625106811523e-01,5.772876739501953125e-01,-2.386441528797149658e-01,6.075948104262351990e-02,-5.033923983573913574e-01,3.397467732429504395e-02,4.900157079100608826e-02
-3.007409870624542236e-01,4.600844681262969971e-01,-2.200110703706741333e-01,4.645268619060516357e-02,-4.939155578613281250e-01,1.462161634117364883e-02,5.911521241068840027e-02
-2.980542480945587158e-01,3.687246739864349365e-01,-2.107354253530502319e-01,6.122201215475797653e-03,-4.810561537742614746e-01,-1.432289555668830872e-02,8.771417289972305298e-02
-2.975559830665588379e-01,3.150232136249542236e-01,-2.013784945011138916e-01,-5.711520090699195862e-02,-4.757093489170074463e-01,-2.639505080878734589e-02,1.286884099245071411e-01
-2.824533581733703613e-01,2.966518402099609375e-01,-1.957304477691650391e-01,-1.154223084449768066e-01,-4.844763278961181641e-01,-4.034250229597091675e-02,1.698368191719055176e-01
-2.785077691078186035e-01,2.895488440990447998e-01,-1.910510063171386719e-01,-1.590940207242965698e-01,-5.037603378295898438e-01,-5.642400309443473816e-02,2.010513991117477417e-01
-2.753615081310272217e-01,2.946200966835021973e-01,-1.895640045404434204e-01,-1.874238103628158569e-01,-5.274692177772521973e-01,-7.615710049867630005e-02,2.134080827236175537e-01
-2.690269052982330322e-01,2.831060588359832764e-01,-1.978136003017425537e-01,-1.909741610288619995e-01,-5.331871509552001953e-01,-7.611787319183349609e-02,2.085920870304107666e-01
-2.611229121685028076e-01,2.598092555999755859e-01,-2.075099647045135498e-01,-1.801179945468902588e-01,-5.231165885925292969e-01,-7.303760945796966553e-02,1.975320428609848022e-01
-2.541229128837585449e-01,2.386195510625839233e-01,-2.197282910346984863e-01,-1.678104400634765625e-01,-5.049819946289062500e-01,-6.404938548803329468e-02,1.761268377304077148e-01
-2.501691281795501709e-01,2.267882227897644043e-01,-2.289187461137771606e-01,-1.576599180698394775e-01,-4.859933853149414062e-01,-5.064868554472923279e-02,1.543510705232620239e-01
-2.489892840385437012e-01,2.216371744871139526e-01,-2.346207797527313232e-01,-1.525854915380477905e-01,-4.666140973567962646e-01,-3.821634873747825623e-02,1.392978578805923462e-01
-2.497335821390151978e-01,2.173483520746231079e-01,-2.386744022369384766e-01,-1.519356518983840942e-01,-4.464564919471740723e-01,-3.046866692602634430e-02,1.341205537319183350e-01
-2.526384890079498291e-01,2.125490307807922363e-01,-2.418239265680313110e-01,-1.530342996120452881e-01,-4.276940524578094482e-01,-2.880631946027278900e-02,1.389204412698745728e-01
-2.571544349193572998e-01,2.087012678384780884e-01,-2.434334456920623779e-01,-1.529875993728637695e-01,-4.125794470310211182e-01,-3.111746720969676971e-02,1.501707583665847778e-01
-2.615289986133575439e-01,2.062149941921234131e-01,-2.433680146932601929e-01,-1.503840684890747070e-01,-4.015141427516937256e-01,-3.367542102932929993e-02,1.623653173446655273e-01
-2.651020288467407227e-01,2.046143263578414917e-01,-2.427554577589035034e-01,-1.469731628894805908e-01,-3.932928144931793213e-01,-3.420479968190193176e-02,1.693184226751327515e-01
-2.681738436222076416e-01,2.049529701471328735e-01,-2.422252744436264038e-01,-1.432610303163528442e-01,-3.884595334529876709e-01,-3.324258700013160706e-02,1.708382219076156616e-01
-2.712321281433105469e-01,2.080383896827697754e-01,-2.413299530744552612e-01,-1.396159380674362183e-01,-3.879463076591491699e-01,-3.206225484609603882e-02,1.698420047760009766e-01
-2.742713689804077148e-01,2.130455672740936279e-01,-2.396297901868820190e-01,-1.364245116710662842e-01,-3.914572298526763916e-01,-3.158727660775184631e-02,1.683506369590759277e-01
-2.771000266075134277e-01,2.183562666177749634e-01,-2.371464669704437256e-01,-1.338232606649398804e-01,-3.978546559810638428e-01,-3.256414458155632019e-02,1.670344471931457520e-01
-2.796433866024017334e-01,2.228910475969314575e-01,-2.341865152120590210e-01,-1.319565325975418091e-01,-4.059908092021942139e-01,-3.518811613321304321e-02,1.659147292375564575e-01
-2.817825078964233398e-01,2.265347242355346680e-01,-2.310593128204345703e-01,-1.311420798301696777e-01,-4.149364829063415527e-01,-3.875507041811943054e-02,1.646586954593658447e-01
-2.832120358943939209e-01,2.297470718622207642e-01,-2.278842031955718994e-01,-1.316897422075271606e-01,-4.238282442092895508e-01,-4.201971739530563354e-02,1.627565473318099976e-01
-2.835962176322937012e-01,2.329071760177612305e-01,-2.246782928705215454e-01,-1.337144374847412109e-01,-4.317997395992279053e-01,-4.390561580657958984e-02,1.597601473331451416e-01
-2.828840911388397217e-01,2.358549088239669800e-01,-2.216108441352844238e-01,-1.370480805635452271e-01,-4.381122589111328125e-01,-4.418881610035896301e-02,1.556205600500106812e-01
-2.814398109912872314e-01,2.379503548145294189e-01,-2.190670669078826904e-01,-1.412197202444076538e-01,-4.423466324806213379e-01,-4.371865838766098022e-02,1.509379148483276367e-01
-2.798611223697662354e-01,2.385793030261993408e-01,-2.174163758754730225e-01,-1.455627083778381348e-01,-4.445073306560516357e-01,-4.387259855866432190e-02,1.467599570751190186e-01
-2.786613702774047852e-01,2.376005351543426514e-01,-2.167877554893493652e-01,-1.494410037994384766e-01,-4.449487924575805664e-01,-4.561502858996391296e-02,1.440131664276123047e-01
-2.780416607856750488e-01,2.354173064231872559e-01,-2.170796096324920654e-01,-1.524470299482345581e-01,-4.441885650157928467e-01,-4.893281683325767517e-02,1.430390328168869019e-01
-2.778685688972473145e-01,2.327819466590881348e-01,-2.181031703948974609e-01,-1.544567644596099854e-01,-4.427686035633087158e-01,-5.302306637167930603e-02,1.435471326112747192e-01
-2.778224349021911621e-01,2.304935306310653687e-01,-2.196856439113616943e-01,-1.555560827255249023e-01,-4.411934912204742432e-01,-5.690702050924301147e-02,1.449073553085327148e-01
-2.775944769382476807e-01,2.290784269571304321e-01,-2.216892093420028687e-01,-1.559272408485412598e-01,-4.398639798164367676e-01,-5.995070561766624451e-02,1.465182602405548096e-01
-2.770217061042785645e-01,2.285907715559005737e-01,-2.239891290664672852e-01,-1.557743996381759644e-01,-4.389916658401489258e-01,-6.202246993780136108e-02,1.480296701192855835e-01
-2.761090397834777832e-01,2.286738604307174683e-01,-2.264517396688461304e-01,-1.552991867065429688e-01,-4.385760426521301270e-01,-6.332839280366897583e-02,1.493516564369201660e-01
-2.749637961387634277e-01,2.288316190242767334e-01,-2.289299070835113525e-01,-1.546798199415206909e-01,-4.384762346744537354e-01,-6.413684785366058350e-02,1.505489498376846313e-01
-2.737074196338653564e-01,2.287022024393081665e-01,-2.312892675399780273e-01,-1.540407687425613403e-01,-4.385046064853668213e-01,-6.458534300327301025e-02,1.517363339662551880e-01
-2.724181413650512695e-01,2.281727045774459839e-01,-2.334477901458740234e-01,-1.534377038478851318e-01,-4.384750127792358398e-01,-6.465026736259460449e-02,1.530162245035171509e-01
-2.711290121078491211e-01,2.273319661617279053e-01,-2.353931069374084473e-01,-1.528762280941009521e-01,-4.382141232490539551e-01,-6.425239890813827515e-02,1.544585973024368286e-01
-2.698648273944854736e-01,2.263409197330474854e-01,-2.371610105037689209e-01,-1.523463875055313110e-01,-4.375743567943572998e-01,-6.339389085769653320e-02,1.561116129159927368e-01
-2.686757743358612061e-01,2.253170311450958252e-01,-2.387948185205459595e-01,-1.518449634313583374e-01,-4.364660978317260742e-01,-6.221802532672882080e-02,1.580139547586441040e-01
-2.676352858543395996e-01,2.242991179227828979e-01,-2.403095662593841553e-01,-1.513733863830566406e-01,-4.348956346511840820e-01,-6.095352396368980408e-02,1.601756960153579712e-01
-2.668093144893646240e-01,2.232930660247802734e-01,-2.416794747114181519e-01,-1.509265303611755371e-01,-4.329858124256134033e-01,-5.979507789015769958e-02,1.625381261110305786e-01
-2.662295997142791748e-01,2.223443090915679932e-01,-2.428485751152038574e-01,-1.504906117916107178e-01,-4.309595525264739990e-01,-5.881201103329658508e-02,1.649558544158935547e-01
-2.658868432044982910e-01,2.215780019760131836e-01,-2.437548041343688965e-01,-1.500579565763473511e-01,-4.290878176689147949e-01,-5.793633311986923218e-02,1.672186404466629028e-01
-2.657383382320404053e-01,2.211789637804031372e-01,-2.443539798259735107e-01,-1.496428549289703369e-01,-4.276261031627655029e-01,-5.701706930994987488e-02,1.690917611122131348e-01
