-4.344433844089508057e-01,3.705430626869201660e-01,-6.366361398249864578e-03,-7.452499121427536011e-02,-2.878238856792449951e-01,-2.583037316799163818e-01,6.679556965827941895e-01
-4.111112952232360840e-01,3.439005315303802490e-01,-8.011464029550552368e-03,-7.148979604244232178e-02,-2.705992162227630615e-01,-2.459260970354080200e-01,6.572083830833435059e-01
-4.324145913124084473e-01,3.539852797985076904e-01,-8.566767908632755280e-03,-5.947761237621307373e-02,-2.741185426712036133e-01,-2.694543004035949707e-01,6.660115718841552734e-01
-4.347441792488098145e-01,3.586063683032989502e-01,-1.553593389689922333e-02,-6.083514913916587830e-02,-2.791496813297271729e-01,-2.700611650943756104e-01,6.720411777496337891e-01
-4.335748553276062012e-01,3.621335029602050781e-01,-1.421680580824613571e-02,-5.904075503349304199e-02,-2.798706889152526855e-01,-2.620964348316192627e-01,6.752020716667175293e-01
-4.322739243507385254e-01,3.603686094284057617e-01,-1.257606782019138336e-02,-5.669676512479782104e-02,-2.777791619300842285e-01,-2.563126087188720703e-01,6.738805174827575684e-01
-4.323964715003967285e-01,3.570938408374786377e-01,-1.150993537157773972e-02,-5.460846051573753357e-02,-2.761771678924560547e-01,-2.554785311222076416e-01,6.715445518493652344e-01
-4.341957271099090576e-01,3.569473922252655029e-01,-1.004447508603334427e-02,-5.422497168183326721e-02,-2.756336033344268799e-01,-2.568768560886383057e-01,6.712136268615722656e-01
-4.366000890731811523e-01,3.604578673839569092e-01,-7.968106307089328766e-03,-5.598169192671775818e-02,-2.753282189369201660e-01,-2.577883005142211914e-01,6.726429462432861328e-01
-4.386900067329406738e-01,3.655932843685150146e-01,-6.156997289508581161e-03,-5.856250599026679993e-02,-2.747149467468261719e-01,-2.574074864387512207e-01,6.737143397331237793e-01
-4.401644170284271240e-01,3.699636161327362061e-01,-5.009863525629043579e-03,-6.051299721002578735e-02,-2.740193605422973633e-01,-2.562953531742095947e-01,6.733582019805908203e-01
-4.408034980297088623e-01,3.722136020660400391e-01,-4.026344511657953262e-03,-6.076317653059959412e-02,-2.733052968978881836e-01,-2.548320293426513672e-01,6.719993948936462402e-01
-4.407174885272979736e-01,3.728568851947784424e-01,-2.496439265087246895e-03,-5.978778377175331116e-02,-2.732582688331604004e-01,-2.533609271049499512e-01,6.706188321113586426e-01
-4.399702548980712891e-01,3.733440935611724854e-01,-6.343284621834754944e-05,-5.918023735284805298e-02,-2.745525836944580078e-01,-2.515819072723388672e-01,6.700264215469360352e-01
-4.387491643428802490e-01,3.745352029800415039e-01,2.585201291367411613e-03,-5.973158404231071472e-02,-2.769723236560821533e-01,-2.497063279151916504e-01,6.701340079307556152e-01
-4.377839863300323486e-01,3.762460947036743164e-01,4.710675217211246490e-03,-6.146795675158500671e-02,-2.804339230060577393e-01,-2.487213760614395142e-01,6.703935861587524414e-01
-4.375613927841186523e-01,3.772893548011779785e-01,5.850273184478282928e-03,-6.333245337009429932e-02,-2.837807834148406982e-01,-2.487690299749374390e-01,6.704705953598022461e-01
-4.384215176105499268e-01,3.772877156734466553e-01,6.513078231364488602e-03,-6.380764394998550415e-02,-2.865232825279235840e-01,-2.502131164073944092e-01,6.706429123878479004e-01
-4.402494728565216064e-01,3.766084611415863037e-01,7.521342020481824875e-03,-6.312161684036254883e-02,-2.885387241840362549e-01,-2.524961233139038086e-01,6.709522604942321777e-01
-4.421797692775726318e-01,3.771522045135498047e-01,9.875594638288021088e-03,-6.219740211963653564e-02,-2.907285094261169434e-01,-2.553060948848724365e-01,6.711246967315673828e-01
-4.436829388141632080e-01,3.802072107791900635e-01,1.353237498551607132e-02,-6.262427568435668945e-02,-2.941193580627441406e-01,-2.585299611091613770e-01,6.703478693962097168e-01
-4.447767436504364014e-01,3.852913081645965576e-01,1.750240661203861237e-02,-6.483336538076400757e-02,-2.986647486686706543e-01,-2.616128325462341309e-01,6.682235598564147949e-01
-4.459710419178009033e-01,3.899887800216674805e-01,2.012658677995204926e-02,-6.785221397876739502e-02,-3.031607568264007568e-01,-2.642243802547454834e-01,6.655591726303100586e-01
-4.477381110191345215e-01,3.913939297199249268e-01,1.970301009714603424e-02,-6.948082894086837769e-02,-3.056429624557495117e-01,-2.662289440631866455e-01,6.641061902046203613e-01
-4.500062763690948486e-01,3.863229155540466309e-01,1.389801967889070511e-02,-6.565576791763305664e-02,-3.027340471744537354e-01,-2.683107852935791016e-01,6.646867990493774414e-01
-4.522324502468109131e-01,3.719851374626159668e-01,3.545535728335380554e-04,-5.219118297100067139e-02,-2.899895608425140381e-01,-2.719426453113555908e-01,6.668562889099121094e-01
-4.538868367671966553e-01,3.471062779426574707e-01,-2.197668887674808502e-02,-2.764705196022987366e-02,-2.640368044376373291e-01,-2.778055369853973389e-01,6.693271994590759277e-01
-4.548541903495788574e-01,3.121003508567810059e-01,-5.169861763715744019e-02,5.764009896665811539e-03,-2.258496731519699097e-01,-2.854268550872802734e-01,6.717042922973632812e-01
-4.536293745040893555e-01,2.677991092205047607e-01,-8.627940714359283447e-02,4.633533954620361328e-02,-1.758669614791870117e-01,-2.884973585605621338e-01,6.731232404708862305e-01
-4.507835209369659424e-01,2.156126052141189575e-01,-1.224822402000427246e-01,9.012013673782348633e-02,-1.139926388859748840e-01,-2.861622869968414307e-01,6.724504232406616211e-01
-4.481959342956542969e-01,1.616758108139038086e-01,-1.568274646997451782e-01,1.331476122140884399e-01,-4.509592428803443909e-02,-2.788160443305969238e-01,6.721450090408325195e-01
-4.439547955989837646e-01,1.219149678945541382e-01,-1.858498156070709229e-01,1.680470257997512817e-01,1.268360298126935959e-02,-2.789011895656585693e-01,6.717226505279541016e-01
-4.371114969253540039e-01,9.575538337230682373e-02,-2.105519771575927734e-01,1.918885260820388794e-01,5.758026242256164551e-02,-2.809794545173645020e-01,6.679037213325500488e-01
-4.282453954219818115e-01,8.359836786985397339e-02,-2.309203594923019409e-01,2.065131813287734985e-01,9.187618643045425415e-02,-2.790809571743011475e-01,6.621654033660888672e-01
-4.164353311061859131e-01,7.854089140892028809e-02,-2.490570247173309326e-01,2.164326012134552002e-01,1.255187839269638062e-01,-2.676272392272949219e-01,6.561793684959411621e-01
-4.052100479602813721e-01,7.441187649965286255e-02,-2.596828043460845947e-01,2.215994000434875488e-01,1.585700660943984985e-01,-2.568325698375701904e-01,6.518127322196960449e-01
-4.000785946846008301e-01,7.404188066720962524e-02,-2.640424668788909912e-01,2.212815880775451660e-01,1.809767037630081177e-01,-2.578150331974029541e-01,6.523357033729553223e-01
-3.997190594673156738e-01,8.343992382287979126e-02,-2.711838781833648682e-01,2.206776440143585205e-01,1.879009157419204712e-01,-2.667506635189056396e-01,6.609677076339721680e-01
-4.005340933799743652e-01,1.067678332328796387e-01,-2.765471041202545166e-01,2.145303338766098022e-01,1.737143397331237793e-01,-2.792102992534637451e-01,6.722460389137268066e-01
-3.989017307758331299e-01,1.259895861148834229e-01,-2.782226204872131348e-01,2.025894969701766968e-01,1.537347584962844849e-01,-2.823196053504943848e-01,6.771151423454284668e-01
-3.936732113361358643e-01,1.364641785621643066e-01,-2.788912057876586914e-01,1.868792623281478882e-01,1.425146162509918213e-01,-2.742701768875122070e-01,6.707189679145812988e-01
-3.877649009227752686e-01,1.396927386522293091e-01,-2.828584909439086914e-01,1.782088726758956909e-01,1.457560807466506958e-01,-2.562887668609619141e-01,6.628515720367431641e-01
-3.881151080131530762e-01,1.428958326578140259e-01,-2.894684672355651855e-01,1.750294715166091919e-01,1.518495529890060425e-01,-2.366198152303695679e-01,6.621336340904235840e-01
-3.930583596229553223e-01,1.477073878049850464e-01,-2.966949939727783203e-01,1.763513684272766113e-01,1.514980643987655640e-01,-2.236521393060684204e-01,6.718250513076782227e-01
-3.944009542465209961e-01,1.471873372793197632e-01,-3.050723969936370850e-01,1.828281879425048828e-01,1.496197581291198730e-01,-2.166852802038192749e-01,6.823473572731018066e-01
-3.890647292137145996e-01,1.397631019353866577e-01,-3.137970864772796631e-01,1.963123828172683716e-01,1.464683860540390015e-01,-2.145102024078369141e-01,6.836860775947570801e-01
-3.812138140201568604e-01,1.265979260206222534e-01,-3.202850222587585449e-01,2.118892222642898560e-01,1.429650187492370605e-01,-2.173162400722503662e-01,6.748392581939697266e-01
-3.767476975917816162e-01,1.121571213006973267e-01,-3.204673528671264648e-01,2.220572382211685181e-01,1.418110132217407227e-01,-2.300522178411483765e-01,6.632274985313415527e-01
-3.776519298553466797e-01,1.028347164392471313e-01,-3.169768750667572021e-01,2.279172241687774658e-01,1.398884207010269165e-01,-2.542690336704254150e-01,6.536239981651306152e-01
-3.816434741020202637e-01,1.054073944687843323e-01,-3.128193914890289307e-01,2.359190136194229126e-01,1.302666515111923218e-01,-2.859463691711425781e-01,6.447905898094177246e-01
-3.883276879787445068e-01,1.172496229410171509e-01,-3.085346519947052002e-01,2.487837970256805420e-01,1.118370816111564636e-01,-3.187155723571777344e-01,6.335484981536865234e-01
-3.932578563690185547e-01,1.342343538999557495e-01,-3.056306838989257812e-01,2.695239782333374023e-01,7.959148287773132324e-02,-3.471359908580780029e-01,6.150875687599182129e-01
-3.941427767276763916e-01,1.484616100788116455e-01,-3.092767596244812012e-01,2.969192862510681152e-01,3.722915798425674438e-02,-3.638223707675933838e-01,5.832589864730834961e-01
-3.891766965389251709e-01,1.575267761945724487e-01,-3.191970884799957275e-01,3.271313011646270752e-01,-1.311481557786464691e-02,-3.662760257720947266e-01,5.307029485702514648e-01
-3.801721632480621338e-01,1.590922176837921143e-01,-3.323365449905395508e-01,3.561802506446838379e-01,-6.255900859832763672e-02,-3.564891815185546875e-01,4.509626924991607666e-01
-3.708487451076507568e-01,1.614129245281219482e-01,-3.447145521640777588e-01,3.851259052753448486e-01,-1.077630743384361267e-01,-3.416733443737030029e-01,3.452362716197967529e-01
-3.660567104816436768e-01,1.642525196075439453e-01,-3.501588702201843262e-01,4.123423397541046143e-01,-1.411290615797042847e-01,-3.293772041797637939e-01,2.325911670923233032e-01
-3.672334849834442139e-01,1.674296855926513672e-01,-3.503727316856384277e-01,4.322981536388397217e-01,-1.612268984317779541e-01,-3.214074969291687012e-01,1.320075094699859619e-01
-3.702101409435272217e-01,1.732825934886932373e-01,-3.537057042121887207e-01,4.492039382457733154e-01,-1.692947596311569214e-01,-3.102181553840637207e-01,3.916028514504432678e-02
-3.728452920913696289e-01,1.879760473966598511e-01,-3.626261651515960693e-01,4.643208086490631104e-01,-1.745351701974868774e-01,-2.908446192741394043e-01,-5.312809720635414124e-02
-3.717112243175506592e-01,2.076715528964996338e-01,-3.733409047126770020e-01,4.698891341686248779e-01,-1.828643083572387695e-01,-2.612390220165252686e-01,-1.520595550537109375e-01
-3.668301105499267578e-01,2.385391145944595337e-01,-3.804129064083099365e-01,4.608571231365203857e-01,-2.058193534612655640e-01,-2.253451496362686157e-01,-2.411094605922698975e-01
-3.647738397121429443e-01,2.761718332767486572e-01,-3.871839344501495361e-01,4.424737393856048584e-01,-2.329201996326446533e-01,-1.779722422361373901e-01,-2.965108752250671387e-01
-3.703081607818603516e-01,3.182452321052551270e-01,-3.948008716106414795e-01,4.287148714065551758e-01,-2.555026113986968994e-01,-1.275832802057266235e-01,-3.181870281696319580e-01
-3.766617178916931152e-01,3.411770462989807129e-01,-3.994857668876647949e-01,4.336867630481719971e-01,-2.563062310218811035e-01,-8.628888428211212158e-02,-3.239706456661224365e-01
-3.739574253559112549e-01,3.606583178043365479e-01,-3.943008780479431152e-01,4.408903717994689941e-01,-2.515972554683685303e-01,-4.294058680534362793e-02,-3.313046395778656006e-01
-3.694593310356140137e-01,4.059588909149169922e-01,-3.899160623550415039e-01,4.191608428955078125e-01,-2.796084284782409668e-01,3.187308833003044128e-02,-3.508178591728210449e-01
-3.719799816608428955e-01,4.729067981243133545e-01,-3.931390047073364258e-01,3.653308749198913574e-01,-3.334509134292602539e-01,1.064006239175796509e-01,-3.741927146911621094e-01
-3.672853410243988037e-01,5.361869931221008301e-01,-3.965763747692108154e-01,2.952538132667541504e-01,-3.633193075656890869e-01,1.344268172979354858e-01,-3.843697607517242432e-01
-3.594661056995391846e-01,5.928746461868286133e-01,-3.993347287178039551e-01,2.223089039325714111e-01,-3.713167309761047363e-01,1.264293193817138672e-01,-4.021983146667480469e-01
-3.549327552318572998e-01,6.375077366828918457e-01,-4.018353223800659180e-01,1.655988395214080811e-01,-3.721428513526916504e-01,1.118190214037895203e-01,-4.249613285064697266e-01
-3.636689484119415283e-01,6.680469512939453125e-01,-4.042867124080657959e-01,1.366874277591705322e-01,-3.708345592021942139e-01,1.008716002106666565e-01,-4.324690103530883789e-01
-3.768415749073028564e-01,6.913347840309143066e-01,-3.974880576133728027e-01,1.249577626585960388e-01,-3.690679967403411865e-01,9.574163705110549927e-02,-4.165669381618499756e-01
-3.859022855758666992e-01,7.074339985847473145e-01,-3.863741755485534668e-01,1.158369928598403931e-01,-3.655378222465515137e-01,9.518664330244064331e-02,-3.880550563335418701e-01
-3.897652924060821533e-01,7.145879864692687988e-01,-3.831604421138763428e-01,1.031464040279388428e-01,-3.598591983318328857e-01,1.015450507402420044e-01,-3.541444838047027588e-01
-3.899853229522705078e-01,7.163317799568176270e-01,-3.862984180450439453e-01,9.449691325426101685e-02,-3.569623529911041260e-01,1.107934638857841492e-01,-3.243836760520935059e-01
-3.871114850044250488e-01,7.151688933372497559e-01,-3.871780335903167725e-01,1.021552383899688721e-01,-3.610392808914184570e-01,1.172392666339874268e-01,-3.088850975036621094e-01
-3.796746432781219482e-01,7.093389034271240234e-01,-3.870380520820617676e-01,1.237775310873985291e-01,-3.715177774429321289e-01,1.216437965631484985e-01,-3.103965222835540771e-01
-3.700743913650512695e-01,6.923325657844543457e-01,-3.920586109161376953e-01,1.504119783639907837e-01,-3.854544758796691895e-01,1.251342892646789551e-01,-3.119232654571533203e-01
-3.514706790447235107e-01,6.503174304962158203e-01,-3.969574868679046631e-01,1.750356554985046387e-01,-3.871280252933502197e-01,1.329690068960189819e-01,-3.091978132724761963e-01
-3.239359557628631592e-01,5.670408606529235840e-01,-3.885278999805450439e-01,2.022828459739685059e-01,-3.773677051067352295e-01,1.389633715152740479e-01,-3.106814920902252197e-01
-2.964859604835510254e-01,4.384532570838928223e-01,-3.709802627563476562e-01,2.249503135681152344e-01,-3.605304062366485596e-01,1.315437406301498413e-01,-3.004503250122070312e-01
-2.821221053600311279e-01,3.162612915039062500e-01,-3.524918854236602783e-01,2.234642505645751953e-01,-3.383326828479766846e-01,1.118758991360664368e-01,-2.992945015430450439e-01
-2.694613039493560791e-01,2.047419697046279907e-01,-3.595061302185058594e-01,2.137404680252075195e-01,-2.896860539913177490e-01,1.137611493468284607e-01,-3.023497462272644043e-01
-2.660488784313201904e-01,1.312094926834106445e-01,-3.640773892402648926e-01,2.020577341318130493e-01,-2.611199319362640381e-01,1.076801568269729614e-01,-2.794875502586364746e-01
-2.565507888793945312e-01,7.073350995779037476e-02,-3.695828616619110107e-01,1.953417956829071045e-01,-2.418156862258911133e-01,9.617123752832412720e-02,-2.380359023809432983e-01
-2.592906355857849121e-01,4.022615775465965271e-02,-3.616226613521575928e-01,1.755125522613525391e-01,-2.383509576320648193e-01,7.844812422990798950e-02,-1.984282135963439941e-01
-2.586312592029571533e-01,3.147735074162483215e-02,-3.541125655174255371e-01,1.558971107006072998e-01,-2.398921102285385132e-01,6.448068469762802124e-02,-1.827556043863296509e-01
-2.560885548591613770e-01,2.297841943800449371e-02,-3.550451099872589111e-01,1.526243984699249268e-01,-2.332747429609298706e-01,6.361223757266998291e-02,-1.876780390739440918e-01
-2.550366818904876709e-01,1.621870137751102448e-02,-3.598020672798156738e-01,1.604184508323669434e-01,-2.243764698505401611e-01,6.964355707168579102e-02,-2.040830552577972412e-01
-2.547940313816070557e-01,1.422751136124134064e-02,-3.651521205902099609e-01,1.653313934803009033e-01,-2.183315902948379517e-01,7.543113082647323608e-02,-2.243010103702545166e-01
-2.531085014343261719e-01,1.431606803089380264e-02,-3.689742386341094971e-01,1.643318980932235718e-01,-2.157882153987884521e-01,7.987680286169052124e-02,-2.388614714145660400e-01
-2.497434914112091064e-01,1.369971595704555511e-02,-3.707975149154663086e-01,1.616791486740112305e-01,-2.149616777896881104e-01,8.056067675352096558e-02,-2.454537898302078247e-01
-2.466501891613006592e-01,1.025251764804124832e-02,-3.720109760761260986e-01,1.610836386680603027e-01,-2.138639390468597412e-01,7.751186192035675049e-02,-2.453612685203552246e-01
-2.448029220104217529e-01,4.866687580943107605e-03,-3.739659190177917480e-01,1.625832021236419678e-01,-2.121045887470245361e-01,7.322224974632263184e-02,-2.403030544519424438e-01
-2.437626272439956665e-01,2.714728179853409529e-04,-3.767299950122833252e-01,1.641660481691360474e-01,-2.115879654884338379e-01,6.990210711956024170e-02,-2.322687953710556030e-01
-2.423615604639053345e-01,-1.168345683254301548e-03,-3.789225816726684570e-01,1.650370359420776367e-01,-2.140593528747558594e-01,6.842826306819915771e-02,-2.233972698450088501e-01
-2.414062768220901489e-01,9.143694187514483929e-04,-3.799132108688354492e-01,1.632956415414810181e-01,-2.195011079311370850e-01,6.843794137239456177e-02,-2.177627533674240112e-01
-2.408635765314102173e-01,5.815793294459581375e-03,-3.795121908187866211e-01,1.606369465589523315e-01,-2.275530546903610229e-01,6.952423602342605591e-02,-2.158281058073043823e-01
-2.407838702201843262e-01,1.140893436968326569e-02,-3.781646788120269775e-01,1.583189070224761963e-01,-2.363679409027099609e-01,7.121458649635314941e-02,-2.170923203229904175e-01
-2.409587651491165161e-01,1.585893519222736359e-02,-3.765089213848114014e-01,1.571529507637023926e-01,-2.440852075815200806e-01,7.285545766353607178e-02,-2.204520255327224731e-01
-2.410973310470581055e-01,1.825999468564987183e-02,-3.750590085983276367e-01,1.572077870368957520e-01,-2.495606839656829834e-01,7.387572526931762695e-02,-2.248302698135375977e-01
-2.410009205341339111e-01,1.858727075159549713e-02,-3.741073310375213623e-01,1.580615639686584473e-01,-2.525075674057006836e-01,7.403425127267837524e-02,-2.294065654277801514e-01
-2.406285554170608521e-01,1.735415868461132050e-02,-3.737573325634002686e-01,1.591812223196029663e-01,-2.532721459865570068e-01,7.349552959203720093e-02,-2.335796207189559937e-01
-2.400576174259185791e-01,1.529529504477977753e-02,-3.739836215972900391e-01,1.601556241512298584e-01,-2.525528371334075928e-01,7.269419729709625244e-02,-2.368974685668945312e-01
-2.394018322229385376e-01,1.311466842889785767e-02,-3.746864199638366699e-01,1.607799679040908813e-01,-2.511318325996398926e-01,7.209895551204681396e-02,-2.390295714139938354e-01
-2.387422770261764526e-01,1.132995635271072388e-02,-3.757271468639373779e-01,1.610256135463714600e-01,-2.496534585952758789e-01,7.200615108013153076e-02,-2.397915571928024292e-01
-2.381000220775604248e-01,1.024281233549118042e-02,-3.769434988498687744e-01,1.609520167112350464e-01,-2.485230714082717896e-01,7.244337350130081177e-02,-2.392241656780242920e-01
-2.374478131532669067e-01,9.954716078937053680e-03,-3.781786561012268066e-01,1.606453657150268555e-01,-2.479164153337478638e-01,7.320256531238555908e-02,-2.376640886068344116e-01
-2.367382794618606567e-01,1.036209519952535629e-02,-3.793282508850097656e-01,1.602072864770889282e-01,-2.478245347738265991e-01,7.396886497735977173e-02,-2.357097864151000977e-01
-2.359295040369033813e-01,1.116234157234430313e-02,-3.803747892379760742e-01,1.597547829151153564e-01,-2.480885684490203857e-01,7.446730881929397583e-02,-2.340443432331085205e-01
-2.350038439035415649e-01,1.193572673946619034e-02,-3.813792467117309570e-01,1.593966782093048096e-01,-2.484433501958847046e-01,7.454895228147506714e-02,-2.331965565681457520e-01
-2.339794039726257324e-01,1.229207217693328857e-02,-3.824369907379150391e-01,1.592000573873519897e-01,-2.485894411802291870e-01,7.419709861278533936e-02,-2.333727329969406128e-01
-2.329138517379760742e-01,1.200404856353998184e-02,-3.836237490177154541e-01,1.591745913028717041e-01,-2.482802122831344604e-01,7.348504662513732910e-02,-2.344365417957305908e-01
-2.318914979696273804e-01,1.106015779078006744e-02,-3.849575221538543701e-01,1.592836380004882812e-01,-2.473883181810379028e-01,7.253058999776840210e-02,-2.360254079103469849e-01
-2.309989631175994873e-01,9.632750414311885834e-03,-3.863909542560577393e-01,1.594693958759307861e-01,-2.459291219711303711e-01,7.146279513835906982e-02,-2.377202659845352173e-01
-2.302978932857513428e-01,7.997357286512851715e-03,-3.878293633460998535e-01,1.596739143133163452e-01,-2.440411448478698730e-01,7.039729505777359009e-02,-2.391894310712814331e-01
-2.298111766576766968e-01,6.443866062909364700e-03,-3.891634941101074219e-01,1.598488539457321167e-01,-2.419415712356567383e-01,6.941804289817810059e-02,-2.402583211660385132e-01
-2.295235693454742432e-01,5.209410097450017929e-03,-3.902997672557830811e-01,1.599561274051666260e-01,-2.398733943700790405e-01,6.856866925954818726e-02,-2.409067004919052124e-01
-2.293934226036071777e-01,4.441632889211177826e-03,-3.911799788475036621e-01,1.599665582180023193e-01,-2.380573451519012451e-01,6.785527616739273071e-02,-2.412187010049819946e-01
