-4.344856441020965576e-01,3.706239461898803711e-01,-6.636341568082571030e-03,-7.457000017166137695e-02,-2.879465818405151367e-01,-2.574373185634613037e-01,6.665523052215576172e-01
-4.270895719528198242e-01,3.717491626739501953e-01,-5.489400937221944332e-04,-6.495799869298934937e-02,-2.854587435722351074e-01,-2.470953613519668579e-01,6.564303636550903320e-01
-4.367026090621948242e-01,3.609926104545593262e-01,-2.172600710764527321e-03,-5.365330353379249573e-02,-2.695103883743286133e-01,-2.494851499795913696e-01,6.721721887588500977e-01
-4.371469318866729736e-01,3.557981848716735840e-01,-9.205555543303489685e-03,-5.043432861566543579e-02,-2.680867016315460205e-01,-2.582960724830627441e-01,6.799522638320922852e-01
-4.381402432918548584e-01,3.577350676059722900e-01,-8.121524006128311157e-03,-4.635359346866607666e-02,-2.676649689674377441e-01,-2.626371681690216064e-01,6.840938925743103027e-01
-4.374380707740783691e-01,3.599115014076232910e-01,-5.054001696407794952e-03,-4.354643821716308594e-02,-2.672104537487030029e-01,-2.616358101367950439e-01,6.823964715003967285e-01
-4.352908730506896973e-01,3.598172962665557861e-01,-3.040708368644118309e-03,-4.208531975746154785e-02,-2.677071392536163330e-01,-2.577248811721801758e-01,6.774290800094604492e-01
-4.337547421455383301e-01,3.594854176044464111e-01,-2.929453039541840553e-03,-4.286739230155944824e-02,-2.691068649291992188e-01,-2.528121769428253174e-01,6.739822626113891602e-01
-4.334139227867126465e-01,3.606002032756805420e-01,-4.118363838642835617e-03,-4.557784646749496460e-02,-2.704557180404663086e-01,-2.471034079790115356e-01,6.739193201065063477e-01
-4.339271783828735352e-01,3.621931970119476318e-01,-5.563423037528991699e-03,-4.882160946726799011e-02,-2.707631289958953857e-01,-2.408736646175384521e-01,6.760174036026000977e-01
-4.350063800811767578e-01,3.632775545120239258e-01,-6.312047131359577179e-03,-5.064113810658454895e-02,-2.697318792343139648e-01,-2.353960722684860229e-01,6.781923174858093262e-01
-4.365156888961791992e-01,3.621861934661865234e-01,-6.868951022624969482e-03,-4.968405142426490784e-02,-2.671338319778442383e-01,-2.324149608612060547e-01,6.791384816169738770e-01
-4.381532967090606689e-01,3.597231507301330566e-01,-7.192865479737520218e-03,-4.671660810708999634e-02,-2.642887830734252930e-01,-2.326976507902145386e-01,6.786674261093139648e-01
-4.391945302486419678e-01,3.572271168231964111e-01,-7.213276345282793045e-03,-4.439818859100341797e-02,-2.622112631797790527e-01,-2.349866032600402832e-01,6.773598194122314453e-01
-4.391533732414245605e-01,3.567276000976562500e-01,-6.685289554297924042e-03,-4.457441717386245728e-02,-2.618719041347503662e-01,-2.376004457473754883e-01,6.755956411361694336e-01
-4.379537701606750488e-01,3.587800562381744385e-01,-5.550534930080175400e-03,-4.785445332527160645e-02,-2.631971538066864014e-01,-2.389770299196243286e-01,6.735407710075378418e-01
-4.362335801124572754e-01,3.624280095100402832e-01,-4.189146216958761215e-03,-5.274295061826705933e-02,-2.660367190837860107e-01,-2.385470718145370483e-01,6.714136600494384766e-01
-4.346647262573242188e-01,3.655064404010772705e-01,-3.438354469835758209e-03,-5.639444664120674133e-02,-2.693802118301391602e-01,-2.369118481874465942e-01,6.694371700286865234e-01
-4.338420331478118896e-01,3.657626807689666748e-01,-4.009337164461612701e-03,-5.654232203960418701e-02,-2.715899646282196045e-01,-2.356219887733459473e-01,6.680786013603210449e-01
-4.337056279182434082e-01,3.623452186584472656e-01,-5.973253399133682251e-03,-5.271363258361816406e-02,-2.713811695575714111e-01,-2.361818104982376099e-01,6.678851246833801270e-01
-4.339488744735717773e-01,3.565750420093536377e-01,-8.139341138303279877e-03,-4.680288955569267273e-02,-2.689201533794403076e-01,-2.395421713590621948e-01,6.687258481979370117e-01
-4.345173835754394531e-01,3.510054945945739746e-01,-9.608129970729351044e-03,-4.138645529747009277e-02,-2.656475305557250977e-01,-2.452205866575241089e-01,6.697272658348083496e-01
-4.358192980289459229e-01,3.480479121208190918e-01,-1.019329670816659927e-02,-3.768826648592948914e-02,-2.630166113376617432e-01,-2.518182694911956787e-01,6.701278090476989746e-01
-4.386464655399322510e-01,3.482217490673065186e-01,-1.021945569664239883e-02,-3.471092507243156433e-02,-2.611940205097198486e-01,-2.565873563289642334e-01,6.700693368911743164e-01
-4.427839219570159912e-01,3.502643406391143799e-01,-1.040349621325731277e-02,-2.951289899647235870e-02,-2.587929666042327881e-01,-2.564448714256286621e-01,6.696803569793701172e-01
-4.473662972450256348e-01,3.516905605792999268e-01,-1.146841887384653091e-02,-2.119621075689792633e-02,-2.527577877044677734e-01,-2.491505593061447144e-01,6.685092449188232422e-01
-4.493871629238128662e-01,3.478278517723083496e-01,-1.502457913011312485e-02,-8.712628856301307678e-03,-2.379245311021804810e-01,-2.312744110822677612e-01,6.673303246498107910e-01
-4.515870213508605957e-01,3.410549759864807129e-01,-1.996201276779174805e-02,1.339235994964838028e-02,-2.167180776596069336e-01,-2.127820104360580444e-01,6.629582643508911133e-01
-4.528141915798187256e-01,3.239913880825042725e-01,-3.302913904190063477e-02,3.473736718297004700e-02,-1.836012452840805054e-01,-2.021995037794113159e-01,6.567687988281250000e-01
-4.528589844703674316e-01,2.964146435260772705e-01,-5.334221944212913513e-02,5.764992162585258484e-02,-1.371558159589767456e-01,-1.923781037330627441e-01,6.503764986991882324e-01
-4.530533850193023682e-01,2.540552318096160889e-01,-8.216416090726852417e-02,8.722408115863800049e-02,-7.539702951908111572e-02,-1.766255944967269897e-01,6.517765522003173828e-01
-4.535936713218688965e-01,2.124639153480529785e-01,-1.108631938695907593e-01,1.140833497047424316e-01,-8.029497228562831879e-03,-1.672446578741073608e-01,6.590511202812194824e-01
-4.508809447288513184e-01,1.794357001781463623e-01,-1.375097036361694336e-01,1.322299838066101074e-01,6.221936643123626709e-02,-1.576911956071853638e-01,6.623255014419555664e-01
-4.465860724449157715e-01,1.550582349300384521e-01,-1.589446067810058594e-01,1.399430334568023682e-01,1.271371841430664062e-01,-1.466550678014755249e-01,6.586233973503112793e-01
-4.411521852016448975e-01,1.374472528696060181e-01,-1.732267886400222778e-01,1.432784497737884521e-01,1.767983138561248779e-01,-1.355247497558593750e-01,6.518939137458801270e-01
-4.356500506401062012e-01,1.312210410833358765e-01,-1.789388656616210938e-01,1.424252390861511230e-01,2.047554552555084229e-01,-1.207744479179382324e-01,6.455864310264587402e-01
-4.323557615280151367e-01,1.384880244731903076e-01,-1.781962960958480835e-01,1.381218135356903076e-01,2.182158231735229492e-01,-9.915761649608612061e-02,6.473525166511535645e-01
-4.329765141010284424e-01,1.535494625568389893e-01,-1.769338101148605347e-01,1.324327141046524048e-01,2.266394197940826416e-01,-7.535162568092346191e-02,6.619078516960144043e-01
-4.320189356803894043e-01,1.655921489000320435e-01,-1.768837720155715942e-01,1.301751881837844849e-01,2.327400445938110352e-01,-5.125182867050170898e-02,6.784335970878601074e-01
-4.296306073665618896e-01,1.766164302825927734e-01,-1.756856590509414673e-01,1.327868103981018066e-01,2.351251989603042603e-01,-3.418625518679618835e-02,6.844365000724792480e-01
-4.288455545902252197e-01,1.906285881996154785e-01,-1.731366962194442749e-01,1.372144669294357300e-01,2.341030687093734741e-01,-2.810192108154296875e-02,6.769515275955200195e-01
-4.331546723842620850e-01,2.072845846414566040e-01,-1.732201576232910156e-01,1.379000246524810791e-01,2.294859439134597778e-01,-2.625202201306819916e-02,6.624124050140380859e-01
-4.390423595905303955e-01,2.199058234691619873e-01,-1.794493943452835083e-01,1.316260099411010742e-01,2.273485511541366577e-01,-2.105978317558765411e-02,6.511774659156799316e-01
-4.445440173149108887e-01,2.258547991514205933e-01,-1.904017478227615356e-01,1.252932399511337280e-01,2.293830960988998413e-01,-2.724280953407287598e-02,6.560596227645874023e-01
-4.461410641670227051e-01,2.294838726520538330e-01,-1.969370990991592407e-01,1.221404597163200378e-01,2.345140278339385986e-01,-4.277067258954048157e-02,6.668936014175415039e-01
-4.485107660293579102e-01,2.259014546871185303e-01,-1.918722391128540039e-01,1.130079552531242371e-01,2.520990371704101562e-01,-4.750192910432815552e-02,6.866822838783264160e-01
-4.478742182254791260e-01,2.221800088882446289e-01,-1.911612004041671753e-01,1.203816607594490051e-01,2.504796087741851807e-01,-3.785149008035659790e-02,6.962278485298156738e-01
-4.432368278503417969e-01,2.118386030197143555e-01,-1.917665302753448486e-01,1.469249427318572998e-01,2.327951639890670776e-01,-3.495230898261070251e-02,6.840429902076721191e-01
-4.380409717559814453e-01,1.861210465431213379e-01,-1.873347908258438110e-01,1.813850104808807373e-01,2.266273200511932373e-01,-4.429253190755844116e-02,6.712303757667541504e-01
-4.343174993991851807e-01,1.622257232666015625e-01,-1.794136017560958862e-01,2.055223733186721802e-01,2.329582720994949341e-01,-5.451674759387969971e-02,6.726301312446594238e-01
-4.308532178401947021e-01,1.511280089616775513e-01,-1.782064288854598999e-01,2.228401750326156616e-01,2.401859313249588013e-01,-6.127911806106567383e-02,6.758004426956176758e-01
-4.240492880344390869e-01,1.472797393798828125e-01,-1.846008747816085815e-01,2.395346909761428833e-01,2.415259182453155518e-01,-6.723880767822265625e-02,6.664192676544189453e-01
-4.175945520401000977e-01,1.408567726612091064e-01,-1.900041550397872925e-01,2.546232938766479492e-01,2.389309257268905640e-01,-7.137761265039443970e-02,6.529157757759094238e-01
-4.112911522388458252e-01,1.309596598148345947e-01,-1.913959085941314697e-01,2.713502049446105957e-01,2.193481624126434326e-01,-8.055773377418518066e-02,6.514633297920227051e-01
-4.078552424907684326e-01,1.213667169213294983e-01,-1.902872920036315918e-01,2.881585955619812012e-01,1.758835464715957642e-01,-8.942189067602157593e-02,6.665014028549194336e-01
-4.083350002765655518e-01,1.167407855391502380e-01,-1.929403543472290039e-01,3.201372325420379639e-01,9.778667241334915161e-02,-9.771624207496643066e-02,6.796239614486694336e-01
-4.067559838294982910e-01,1.218578368425369263e-01,-2.050811946392059326e-01,3.712785542011260986e-01,-1.201634388417005539e-02,-1.044614985585212708e-01,6.638553142547607422e-01
-4.120264649391174316e-01,1.150305867195129395e-01,-2.185878604650497437e-01,4.056271910667419434e-01,-9.244467318058013916e-02,-1.087056547403335571e-01,6.355123519897460938e-01
-4.199803769588470459e-01,9.559074044227600098e-02,-2.317926883697509766e-01,4.129237234592437744e-01,-1.235833838582038879e-01,-1.014236882328987122e-01,6.113638877868652344e-01
-4.216411411762237549e-01,1.010042205452919006e-01,-2.382008731365203857e-01,4.121212363243103027e-01,-1.405264735221862793e-01,-9.597007185220718384e-02,6.006848216056823730e-01
-4.217480719089508057e-01,1.230505406856536865e-01,-2.350953072309494019e-01,4.061105251312255859e-01,-1.590872704982757568e-01,-9.302430599927902222e-02,6.049870848655700684e-01
-4.238328933715820312e-01,1.446388214826583862e-01,-2.258968651294708252e-01,4.011763930320739746e-01,-1.827096343040466309e-01,-9.727516025304794312e-02,6.132327914237976074e-01
-4.260386526584625244e-01,1.606696248054504395e-01,-2.200662195682525635e-01,4.061970412731170654e-01,-2.089993953704833984e-01,-1.044363826513290405e-01,6.107786297798156738e-01
-4.276267886161804199e-01,1.733027547597885132e-01,-2.220364660024642944e-01,4.146750867366790771e-01,-2.348387688398361206e-01,-1.114791557192802429e-01,5.895295739173889160e-01
-4.266979396343231201e-01,1.892827153205871582e-01,-2.272857427597045898e-01,4.142456054687500000e-01,-2.530195713043212891e-01,-1.127522289752960205e-01,5.567086935043334961e-01
-4.260872304439544678e-01,2.172207832336425781e-01,-2.326584756374359131e-01,4.077656567096710205e-01,-2.636713683605194092e-01,-1.072190999984741211e-01,5.142796635627746582e-01
-4.328116774559020996e-01,2.495593428611755371e-01,-2.371298223733901978e-01,4.047774076461791992e-01,-2.641591131687164307e-01,-1.043037176132202148e-01,4.778148829936981201e-01
-4.458907842636108398e-01,2.862282097339630127e-01,-2.397601157426834106e-01,4.076161682605743408e-01,-2.538059949874877930e-01,-1.189785078167915344e-01,4.506346285343170166e-01
-4.531927108764648438e-01,3.298948109149932861e-01,-2.406561672687530518e-01,4.121683835983276367e-01,-2.500587403774261475e-01,-1.417156159877777100e-01,4.120951592922210693e-01
-4.466990828514099121e-01,3.709817230701446533e-01,-2.467448413372039795e-01,4.180435240268707275e-01,-2.660188376903533936e-01,-1.598170250654220581e-01,3.492809832096099854e-01
-4.311113357543945312e-01,3.883128166198730469e-01,-2.664492726325988770e-01,4.302196502685546875e-01,-2.707705199718475342e-01,-1.528675705194473267e-01,2.744892835617065430e-01
-4.181197881698608398e-01,3.957695960998535156e-01,-2.947670519351959229e-01,4.415988028049468994e-01,-2.518612444400787354e-01,-1.285357922315597534e-01,2.067658007144927979e-01
-4.144972562789916992e-01,4.125950336456298828e-01,-3.094552457332611084e-01,4.450792968273162842e-01,-2.335413992404937744e-01,-1.156009286642074585e-01,1.520402282476425171e-01
-4.174572229385375977e-01,4.373086094856262207e-01,-3.033478558063507080e-01,4.441689252853393555e-01,-2.351201474666595459e-01,-1.120458766818046570e-01,1.166796237230300903e-01
-4.214929342269897461e-01,4.570351243019104004e-01,-2.935131192207336426e-01,4.466470777988433838e-01,-2.512017488479614258e-01,-1.002065241336822510e-01,9.976455569267272949e-02
-4.126015007495880127e-01,4.629529416561126709e-01,-2.927525639533996582e-01,4.607703387737274170e-01,-2.599179446697235107e-01,-6.519559025764465332e-02,9.803440421819686890e-02
-3.978117108345031738e-01,4.619020223617553711e-01,-2.983601689338684082e-01,4.783127307891845703e-01,-2.624789476394653320e-01,-1.177395880222320557e-02,1.013655215501785278e-01
-3.934650719165802002e-01,4.765195250511169434e-01,-3.121062815189361572e-01,4.790943264961242676e-01,-2.903436720371246338e-01,7.681874930858612061e-02,1.004622131586074829e-01
-4.001782536506652832e-01,5.237525105476379395e-01,-3.386137783527374268e-01,4.452271759510040283e-01,-3.693902492523193359e-01,2.200506180524826050e-01,8.057969808578491211e-02
-4.089176058769226074e-01,5.761031508445739746e-01,-3.510736227035522461e-01,3.974519968032836914e-01,-4.530643522739410400e-01,3.145543932914733887e-01,6.729990243911743164e-02
-4.183580577373504639e-01,6.375005841255187988e-01,-3.485409915447235107e-01,3.289867043495178223e-01,-5.319715142250061035e-01,3.750286996364593506e-01,5.197284743189811707e-02
-4.210539460182189941e-01,7.013596296310424805e-01,-3.371798098087310791e-01,2.498066127300262451e-01,-6.023190021514892578e-01,4.191352725028991699e-01,4.935275763273239136e-02
-4.176579117774963379e-01,7.407212853431701660e-01,-3.275250196456909180e-01,1.823878586292266846e-01,-6.412565112113952637e-01,4.313421547412872314e-01,6.222598999738693237e-02
-4.004836678504943848e-01,7.509717941284179688e-01,-3.272473514080047607e-01,1.321078091859817505e-01,-6.494987010955810547e-01,4.325408041477203369e-01,5.839501693844795227e-02
-3.947578966617584229e-01,7.517253160476684570e-01,-3.264264464378356934e-01,1.005858704447746277e-01,-6.499293446540832520e-01,4.234660863876342773e-01,4.904985055327415466e-02
-3.995587825775146484e-01,7.512760758399963379e-01,-3.257501721382141113e-01,8.919367939233779907e-02,-6.456201672554016113e-01,4.200320839881896973e-01,4.304980114102363586e-02
-4.108471274375915527e-01,7.530131936073303223e-01,-3.263264894485473633e-01,9.723839908838272095e-02,-6.413947343826293945e-01,4.196198880672454834e-01,4.689673706889152527e-02
-4.171700775623321533e-01,7.573884129524230957e-01,-3.283960521221160889e-01,1.036406904458999634e-01,-6.375043392181396484e-01,4.242445230484008789e-01,5.355510860681533813e-02
-4.182506203651428223e-01,7.639023661613464355e-01,-3.317083418369293213e-01,9.718388319015502930e-02,-6.348757743835449219e-01,4.255825579166412354e-01,6.907961517572402954e-02
-4.176932573318481445e-01,7.707356810569763184e-01,-3.371171653270721436e-01,7.650592178106307983e-02,-6.349898576736450195e-01,4.209335744380950928e-01,8.395012468099594116e-02
-4.182865023612976074e-01,7.777175307273864746e-01,-3.439839780330657959e-01,4.945933073759078979e-02,-6.401912569999694824e-01,4.095733761787414551e-01,9.063936024904251099e-02
-4.196087718009948730e-01,7.861459255218505859e-01,-3.486779034137725830e-01,2.070366404950618744e-02,-6.482485532760620117e-01,3.956548571586608887e-01,8.980762958526611328e-02
-4.180973470211029053e-01,7.950684428215026855e-01,-3.456429839134216309e-01,-4.750320222228765488e-03,-6.532042622566223145e-01,3.819344341754913330e-01,8.733125776052474976e-02
-4.163664281368255615e-01,8.016968965530395508e-01,-3.417406380176544189e-01,-1.744515635073184967e-02,-6.535647511482238770e-01,3.679861426353454590e-01,9.145499020814895630e-02
-4.143852591514587402e-01,8.067979812622070312e-01,-3.416990935802459717e-01,-2.037938497960567474e-02,-6.464403867721557617e-01,3.617748618125915527e-01,1.001312285661697388e-01
-4.170172810554504395e-01,8.161380290985107422e-01,-3.447217047214508057e-01,-2.815179526805877686e-02,-6.398249864578247070e-01,3.598906695842742920e-01,1.048496365547180176e-01
-4.201981425285339355e-01,8.293467164039611816e-01,-3.462027609348297119e-01,-3.637598082423210144e-02,-6.375426650047302246e-01,3.585107028484344482e-01,1.019437834620475769e-01
-4.241763353347778320e-01,8.424377441406250000e-01,-3.387705385684967041e-01,-3.532076999545097351e-02,-6.420024633407592773e-01,3.543817102909088135e-01,1.062922924757003784e-01
-4.212047159671783447e-01,8.493059277534484863e-01,-3.246460556983947754e-01,-1.971234567463397980e-02,-6.482006311416625977e-01,3.515324890613555908e-01,1.240106970071792603e-01
-4.041917324066162109e-01,8.463959693908691406e-01,-3.066211342811584473e-01,7.181576918810606003e-03,-6.515433788299560547e-01,3.497870862483978271e-01,1.397805958986282349e-01
-3.699152767658233643e-01,8.316388130187988281e-01,-2.980366349220275879e-01,2.527239359915256500e-02,-6.467124223709106445e-01,3.602393269538879395e-01,1.258574128150939941e-01
-3.374100029468536377e-01,8.060702085494995117e-01,-2.924868762493133545e-01,2.031950280070304871e-02,-6.356561183929443359e-01,3.711118698120117188e-01,8.330766111612319946e-02
-3.206175863742828369e-01,7.690622210502624512e-01,-2.869360148906707764e-01,7.062149699777364731e-03,-6.193615794181823730e-01,3.779017031192779541e-01,6.374298036098480225e-02
-3.026797473430633545e-01,7.108991742134094238e-01,-2.783112227916717529e-01,4.378910525701940060e-04,-5.923998355865478516e-01,3.899031877517700195e-01,8.384599536657333374e-02
-2.811863422393798828e-01,6.295428872108459473e-01,-2.602535784244537354e-01,-1.117337681353092194e-02,-5.578199625015258789e-01,3.995568752288818359e-01,1.246233209967613220e-01
-2.662107944488525391e-01,5.337435007095336914e-01,-2.415934652090072632e-01,-3.041887842118740082e-02,-5.203230381011962891e-01,3.772579133510589600e-01,1.684557348489761353e-01
-2.576426565647125244e-01,4.262535572052001953e-01,-2.416004836559295654e-01,-5.125396698713302612e-02,-4.803173840045928955e-01,3.116970956325531006e-01,2.181260883808135986e-01
-2.654026448726654053e-01,3.521357476711273193e-01,-2.351455688476562500e-01,-9.453895688056945801e-02,-4.718942642211914062e-01,2.044597417116165161e-01,2.853836715221405029e-01
-2.691996097564697266e-01,3.002450168132781982e-01,-2.449211329221725464e-01,-1.385991424322128296e-01,-4.755239188671112061e-01,9.297224134206771851e-02,3.546006381511688232e-01
-2.710406184196472168e-01,2.905739843845367432e-01,-2.515442371368408203e-01,-1.849541217088699341e-01,-4.903287887573242188e-01,1.492498628795146942e-02,4.078504741191864014e-01
-2.632883787155151367e-01,2.952396273612976074e-01,-2.594018280506134033e-01,-2.243837267160415649e-01,-4.961121082305908203e-01,-2.859410829842090607e-02,4.228016734123229980e-01
-2.560991644859313965e-01,2.970192134380340576e-01,-2.609443366527557373e-01,-2.421824336051940918e-01,-4.929490089416503906e-01,-5.960594862699508667e-02,4.221788346767425537e-01
-2.518344819545745850e-01,2.908334732055664062e-01,-2.576063573360443115e-01,-2.400142848491668701e-01,-4.857470691204071045e-01,-7.271957397460937500e-02,4.247317612171173096e-01
-2.481727451086044312e-01,2.844340503215789795e-01,-2.530888617038726807e-01,-2.294126003980636597e-01,-4.809874594211578369e-01,-7.266467809677124023e-02,4.249929785728454590e-01
-2.474888414144515991e-01,2.812178730964660645e-01,-2.520337402820587158e-01,-2.193012088537216187e-01,-4.803391396999359131e-01,-6.891679018735885620e-02,4.245931208133697510e-01
-2.471120506525039673e-01,2.813612222671508789e-01,-2.545763850212097168e-01,-2.177671194076538086e-01,-4.831052720546722412e-01,-6.255626678466796875e-02,4.224129319190979004e-01
-2.477252930402755737e-01,2.791816890239715576e-01,-2.581059932708740234e-01,-2.228522896766662598e-01,-4.853900671005249023e-01,-5.885185301303863525e-02,4.229164719581604004e-01
-2.540601491928100586e-01,2.755220830440521240e-01,-2.591441571712493896e-01,-2.275101393461227417e-01,-4.846347868442535400e-01,-6.722653657197952271e-02,4.346534907817840576e-01
-2.611825466156005859e-01,2.704271078109741211e-01,-2.565936148166656494e-01,-2.296742498874664307e-01,-4.786697328090667725e-01,-7.929591834545135498e-02,4.469531774520874023e-01
-2.657724618911743164e-01,2.646345198154449463e-01,-2.511683106422424316e-01,-2.241667956113815308e-01,-4.694028496742248535e-01,-8.542209863662719727e-02,4.514066576957702637e-01
