-4.344815611839294434e-01,3.706450164318084717e-01,-6.615889258682727814e-03,-7.454751431941986084e-02,-2.878252565860748291e-01,-2.575638890266418457e-01,6.674525737762451172e-01
-4.250022470951080322e-01,3.780636489391326904e-01,-8.550052531063556671e-03,-8.370504528284072876e-02,-2.786274254322052002e-01,-2.561342716217041016e-01,6.516733765602111816e-01
-4.322225749492645264e-01,3.721155226230621338e-01,-6.461040582507848740e-03,-6.902913004159927368e-02,-2.769416868686676025e-01,-2.523286640644073486e-01,6.623505353927612305e-01
-4.316057860851287842e-01,3.702473640441894531e-01,-1.090062130242586136e-02,-6.890914589166641235e-02,-2.799675762653350830e-01,-2.537141144275665283e-01,6.648946404457092285e-01
-4.322751760482788086e-01,3.699818253517150879e-01,-8.703390136361122131e-03,-6.694401800632476807e-02,-2.821936905384063721e-01,-2.538945078849792480e-01,6.681393980979919434e-01
-4.328614771366119385e-01,3.676539063453674316e-01,-6.694819312542676926e-03,-6.373430788516998291e-02,-2.844804525375366211e-01,-2.547558248043060303e-01,6.683715581893920898e-01
-4.329494833946228027e-01,3.648458421230316162e-01,-6.080561317503452301e-03,-5.953879654407501221e-02,-2.864671945571899414e-01,-2.559007406234741211e-01,6.662786602973937988e-01
-4.333844482898712158e-01,3.637724518775939941e-01,-6.441774778068065643e-03,-5.541022866964340210e-02,-2.868750393390655518e-01,-2.561650574207305908e-01,6.643822193145751953e-01
-4.348462820053100586e-01,3.650753796100616455e-01,-6.848512683063745499e-03,-5.180436745285987854e-02,-2.859469652175903320e-01,-2.547828257083892822e-01,6.640797853469848633e-01
-4.371817111968994141e-01,3.676357567310333252e-01,-6.822164170444011688e-03,-4.851115494966506958e-02,-2.846755981445312500e-01,-2.521825134754180908e-01,6.653705239295959473e-01
-4.395559430122375488e-01,3.691064119338989258e-01,-6.231699138879776001e-03,-4.506289958953857422e-02,-2.833190262317657471e-01,-2.488702833652496338e-01,6.672914028167724609e-01
-4.416472911834716797e-01,3.687968850135803223e-01,-5.030996631830930710e-03,-4.164289683103561401e-02,-2.821724712848663330e-01,-2.463844418525695801e-01,6.687498092651367188e-01
-4.431903362274169922e-01,3.677230179309844971e-01,-3.599483286961913109e-03,-3.932924568653106689e-02,-2.813058197498321533e-01,-2.449329197406768799e-01,6.693521738052368164e-01
-4.440177381038665771e-01,3.678549826145172119e-01,-2.136009512469172478e-03,-3.964465111494064331e-02,-2.810330390930175781e-01,-2.437201142311096191e-01,6.692325472831726074e-01
-4.440049231052398682e-01,3.703894317150115967e-01,-6.685284897685050964e-04,-4.290455207228660583e-02,-2.815132439136505127e-01,-2.422507852315902710e-01,6.686772108078002930e-01
-4.434603452682495117e-01,3.754961490631103516e-01,1.237571123056113720e-03,-4.857153445482254028e-02,-2.839340865612030029e-01,-2.410176247358322144e-01,6.682114601135253906e-01
-4.430536925792694092e-01,3.816397488117218018e-01,3.821749472990632057e-03,-5.507938563823699951e-02,-2.883330285549163818e-01,-2.407448887825012207e-01,6.681606769561767578e-01
-4.432646930217742920e-01,3.872495591640472412e-01,6.735617760568857193e-03,-6.054078415036201477e-02,-2.943036854267120361e-01,-2.421632260084152222e-01,6.689745187759399414e-01
-4.442357718944549561e-01,3.909387290477752686e-01,9.444084949791431427e-03,-6.343705207109451294e-02,-3.001692593097686768e-01,-2.454302608966827393e-01,6.707774400711059570e-01
-4.456103444099426270e-01,3.924608826637268066e-01,1.150211691856384277e-02,-6.380236148834228516e-02,-3.044315874576568604e-01,-2.502540647983551025e-01,6.732367277145385742e-01
-4.470285475254058838e-01,3.926122486591339111e-01,1.294014230370521545e-02,-6.300985068082809448e-02,-3.065707087516784668e-01,-2.562339007854461670e-01,6.754861474037170410e-01
-4.482346177101135254e-01,3.917807638645172119e-01,1.325302291661500931e-02,-6.183542683720588684e-02,-3.063282072544097900e-01,-2.618410289287567139e-01,6.764823198318481445e-01
-4.490485489368438721e-01,3.884709477424621582e-01,1.056965440511703491e-02,-5.875085294246673584e-02,-3.019930720329284668e-01,-2.650870978832244873e-01,6.756322383880615234e-01
-4.495109021663665771e-01,3.793922960758209229e-01,2.359314588829874992e-03,-5.021533742547035217e-02,-2.895206511020660400e-01,-2.641358971595764160e-01,6.730604767799377441e-01
-4.496457874774932861e-01,3.626493215560913086e-01,-1.278017368167638779e-02,-3.373472020030021667e-02,-2.651942074298858643e-01,-2.595922052860260010e-01,6.697624921798706055e-01
-4.493285715579986572e-01,3.395964205265045166e-01,-3.356755524873733521e-02,-1.015088148415088654e-02,-2.290131151676177979e-01,-2.545557916164398193e-01,6.675969362258911133e-01
-4.481205046176910400e-01,3.118139803409576416e-01,-5.930183082818984985e-02,1.760712452232837677e-02,-1.836981624364852905e-01,-2.517112195491790771e-01,6.679887175559997559e-01
-4.457132518291473389e-01,2.771337926387786865e-01,-8.945430815219879150e-02,4.883667454123497009e-02,-1.290106177330017090e-01,-2.459855526685714722e-01,6.719157099723815918e-01
-4.435341358184814453e-01,2.419248521327972412e-01,-1.195439845323562622e-01,8.248704671859741211e-02,-7.006901502609252930e-02,-2.398620396852493286e-01,6.790178418159484863e-01
-4.401999413967132568e-01,2.075859010219573975e-01,-1.514812111854553223e-01,1.163954362273216248e-01,-1.207911316305398941e-02,-2.362264990806579590e-01,6.856676936149597168e-01
-4.382409155368804932e-01,1.928547620773315430e-01,-1.763676404953002930e-01,1.423331648111343384e-01,2.412063628435134888e-02,-2.380217313766479492e-01,6.888064146041870117e-01
-4.375131130218505859e-01,1.865596771240234375e-01,-1.936868578195571899e-01,1.571899354457855225e-01,4.557228460907936096e-02,-2.372512072324752808e-01,6.860457658767700195e-01
-4.357563257217407227e-01,1.901220381259918213e-01,-2.010918855667114258e-01,1.615368574857711792e-01,5.416972935199737549e-02,-2.330821007490158081e-01,6.796626448631286621e-01
-4.308067560195922852e-01,1.942352950572967529e-01,-2.018305659294128418e-01,1.575481295585632324e-01,5.959012731909751892e-02,-2.255075722932815552e-01,6.733893752098083496e-01
-4.255353212356567383e-01,1.981825679540634155e-01,-1.999626904726028442e-01,1.513112336397171021e-01,6.722015142440795898e-02,-2.173132300376892090e-01,6.703174114227294922e-01
-4.259551167488098145e-01,2.098776847124099731e-01,-1.983778625726699829e-01,1.490236371755599976e-01,7.468540221452713013e-02,-2.147423774003982544e-01,6.731008291244506836e-01
-4.312846064567565918e-01,2.327376753091812134e-01,-1.959614306688308716e-01,1.518471986055374146e-01,7.828553020954132080e-02,-2.167069762945175171e-01,6.837490200996398926e-01
-4.327992498874664307e-01,2.461803555488586426e-01,-1.943606287240982056e-01,1.556706875562667847e-01,8.752971142530441284e-02,-2.156855016946792603e-01,6.913092136383056641e-01
-4.326891899108886719e-01,2.502928078174591064e-01,-1.952571868896484375e-01,1.609786748886108398e-01,9.743442386388778687e-02,-2.207270860671997070e-01,6.983079910278320312e-01
-4.364557862281799316e-01,2.489113807678222656e-01,-1.994955092668533325e-01,1.627456694841384888e-01,1.010552272200584412e-01,-2.291893810033798218e-01,7.064741253852844238e-01
-4.414593577384948730e-01,2.493025511503219604e-01,-2.054359465837478638e-01,1.665121316909790039e-01,9.214805811643600464e-02,-2.372846603393554688e-01,7.129808664321899414e-01
-4.396871626377105713e-01,2.502040266990661621e-01,-2.147055864334106445e-01,1.899670809507369995e-01,6.627916544675827026e-02,-2.356354147195816040e-01,7.085456252098083496e-01
-4.327668845653533936e-01,2.462532669305801392e-01,-2.166254073381423950e-01,2.245575338602066040e-01,4.028549790382385254e-02,-2.301403135061264038e-01,6.925853490829467773e-01
-4.276239275932312012e-01,2.358195632696151733e-01,-2.075393050909042358e-01,2.497673779726028442e-01,2.617970854043960571e-02,-2.309277802705764771e-01,6.706728935241699219e-01
-4.281148314476013184e-01,2.300848364830017090e-01,-1.954239904880523682e-01,2.666063308715820312e-01,1.763319713063538074e-03,-2.429353147745132446e-01,6.408279538154602051e-01
-4.277817904949188232e-01,2.306464910507202148e-01,-1.950754970312118530e-01,2.869279086589813232e-01,-4.659280925989151001e-02,-2.530717551708221436e-01,5.933738350868225098e-01
-4.274771511554718018e-01,2.351043969392776489e-01,-2.091397941112518311e-01,3.138478100299835205e-01,-1.096564158797264099e-01,-2.588528692722320557e-01,5.155913829803466797e-01
-4.281139671802520752e-01,2.429718375205993652e-01,-2.198276817798614502e-01,3.337648510932922363e-01,-1.733471602201461792e-01,-2.638685405254364014e-01,4.084117412567138672e-01
-4.281052947044372559e-01,2.474603354930877686e-01,-2.292792797088623047e-01,3.440859317779541016e-01,-2.220440655946731567e-01,-2.610893249511718750e-01,2.983266711235046387e-01
-4.277349114418029785e-01,2.532383203506469727e-01,-2.392644882202148438e-01,3.516901135444641113e-01,-2.547723650932312012e-01,-2.529877722263336182e-01,2.237010896205902100e-01
-4.241068959236145020e-01,2.633225321769714355e-01,-2.532126307487487793e-01,3.619722425937652588e-01,-2.713534832000732422e-01,-2.367196381092071533e-01,1.907721757888793945e-01
-4.233505725860595703e-01,2.846765518188476562e-01,-2.694925367832183838e-01,3.717328608036041260e-01,-2.818572819232940674e-01,-2.261330336332321167e-01,1.838355958461761475e-01
-4.279005527496337891e-01,3.161237239837646484e-01,-2.832583189010620117e-01,3.688103854656219482e-01,-2.887178659439086914e-01,-2.194942533969879150e-01,1.756705790758132935e-01
-4.322890043258666992e-01,3.514122366905212402e-01,-2.936427295207977295e-01,3.625574707984924316e-01,-2.980316579341888428e-01,-2.146352231502532959e-01,1.587980687618255615e-01
-4.349533617496490479e-01,3.892559707164764404e-01,-2.996033132076263428e-01,3.612297177314758301e-01,-3.071417212486267090e-01,-2.090027332305908203e-01,1.363969892263412476e-01
-4.375121593475341797e-01,4.250933229923248291e-01,-2.983285784721374512e-01,3.654991388320922852e-01,-3.123898208141326904e-01,-1.922355890274047852e-01,1.141345724463462830e-01
-4.358333051204681396e-01,4.548658430576324463e-01,-2.928769886493682861e-01,3.697779774665832520e-01,-3.130103349685668945e-01,-1.673897355794906616e-01,9.160403907299041748e-02
-4.388046860694885254e-01,4.759458005428314209e-01,-2.859845757484436035e-01,3.707269728183746338e-01,-3.221044838428497314e-01,-1.477613747119903564e-01,7.458902150392532349e-02
-4.376567900180816650e-01,5.011489391326904297e-01,-2.828148007392883301e-01,3.561607003211975098e-01,-3.449691832065582275e-01,-1.114700809121131897e-01,5.965023115277290344e-02
-4.358891546726226807e-01,5.425838828086853027e-01,-2.814809381961822510e-01,3.211328387260437012e-01,-3.931816518306732178e-01,-5.418538302183151245e-02,5.303629860281944275e-02
-4.317968785762786865e-01,5.965771079063415527e-01,-2.788096964359283447e-01,2.714208066463470459e-01,-4.516634941101074219e-01,-4.104371182620525360e-03,5.871838703751564026e-02
-4.264002144336700439e-01,6.564472317695617676e-01,-2.768550515174865723e-01,2.111706435680389404e-01,-4.975110590457916260e-01,2.793673239648342133e-02,6.967291980981826782e-02
-4.215767383575439453e-01,7.136948108673095703e-01,-2.786203324794769287e-01,1.439536809921264648e-01,-5.279660820960998535e-01,4.630601778626441956e-02,6.599698215723037720e-02
-4.169342815876007080e-01,7.565513849258422852e-01,-2.815303802490234375e-01,8.745007961988449097e-02,-5.495031476020812988e-01,5.262907966971397400e-02,4.866880550980567932e-02
-4.116713702678680420e-01,7.821993827819824219e-01,-2.831251919269561768e-01,4.973361641168594360e-02,-5.634485483169555664e-01,5.853294953703880310e-02,3.787155821919441223e-02
-4.114221036434173584e-01,7.988649606704711914e-01,-2.869380712509155273e-01,3.027682006359100342e-02,-5.745974183082580566e-01,6.837053596973419189e-02,4.626525565981864929e-02
-4.167734682559967041e-01,8.101077079772949219e-01,-2.901314198970794678e-01,2.459862828254699707e-02,-5.813857316970825195e-01,7.371217012405395508e-02,7.147147506475448608e-02
-4.204722344875335693e-01,8.142045140266418457e-01,-2.898910343647003174e-01,2.611144073307514191e-02,-5.757637023925781250e-01,6.952073425054550171e-02,9.990266710519790649e-02
-4.165897071361541748e-01,8.123726844787597656e-01,-2.848811745643615723e-01,2.986844442784786224e-02,-5.571908354759216309e-01,5.636588111519813538e-02,1.122164353728294373e-01
-4.126796126365661621e-01,8.089619278907775879e-01,-2.818618714809417725e-01,2.972506172955036163e-02,-5.358175635337829590e-01,4.391152784228324890e-02,1.118285581469535828e-01
-4.089049398899078369e-01,8.054968714714050293e-01,-2.778744101524353027e-01,3.226518258452415466e-02,-5.216742157936096191e-01,4.008500650525093079e-02,1.040337607264518738e-01
-4.047543704509735107e-01,7.992188930511474609e-01,-2.668578326702117920e-01,4.281586408615112305e-02,-5.188929438591003418e-01,4.095828533172607422e-02,9.512073546648025513e-02
-3.995567560195922852e-01,7.862234115600585938e-01,-2.550325691699981689e-01,6.258141249418258667e-02,-5.282195210456848145e-01,3.831357136368751526e-02,9.945375472307205200e-02
-3.838810622692108154e-01,7.519693374633789062e-01,-2.522059381008148193e-01,9.121162444353103638e-02,-5.362656116485595703e-01,4.045973345637321472e-02,1.085299029946327209e-01
-3.580962419509887695e-01,6.794695854187011719e-01,-2.440935671329498291e-01,1.267928332090377808e-01,-5.392290949821472168e-01,3.842082992196083069e-02,1.143869385123252869e-01
-3.355391025543212891e-01,5.764561295509338379e-01,-2.255394607782363892e-01,1.387469023466110229e-01,-5.372135639190673828e-01,4.008253291249275208e-02,1.260364651679992676e-01
-3.221712708473205566e-01,4.768806099891662598e-01,-2.053906619548797607e-01,1.103615984320640564e-01,-5.282936692237854004e-01,4.877001047134399414e-02,1.326338499784469604e-01
-3.158547282218933105e-01,3.937781155109405518e-01,-1.913235485553741455e-01,5.962614715099334717e-02,-5.140992999076843262e-01,4.955412819981575012e-02,1.466674357652664185e-01
-3.127810657024383545e-01,3.485736250877380371e-01,-1.764820218086242676e-01,-2.443533204495906830e-02,-5.137245059013366699e-01,3.578143939375877380e-02,1.693600118160247803e-01
-3.030456900596618652e-01,3.232738971710205078e-01,-1.672087609767913818e-01,-9.916216135025024414e-02,-5.140175819396972656e-01,1.213764771819114685e-02,1.898827552795410156e-01
-2.947030961513519287e-01,3.175481557846069336e-01,-1.618349850177764893e-01,-1.555696278810501099e-01,-5.165672302246093750e-01,-7.121503818780183792e-03,2.107128798961639404e-01
-2.934091687202453613e-01,3.300780057907104492e-01,-1.578139513731002808e-01,-1.860266327857971191e-01,-5.293519496917724609e-01,-2.857303433120250702e-02,2.174268960952758789e-01
-2.913058102130889893e-01,3.262474536895751953e-01,-1.630032509565353394e-01,-1.954241842031478882e-01,-5.355177521705627441e-01,-4.429106786847114563e-02,2.069616168737411499e-01
-2.855282723903656006e-01,3.145634531974792480e-01,-1.712219864130020142e-01,-1.935730278491973877e-01,-5.371565818786621094e-01,-6.011997535824775696e-02,1.912305951118469238e-01
-2.786273360252380371e-01,3.020972907543182373e-01,-1.812695562839508057e-01,-1.899419724941253662e-01,-5.359792709350585938e-01,-7.180917263031005859e-02,1.760067641735076904e-01
-2.711898982524871826e-01,2.897571027278900146e-01,-1.898103505373001099e-01,-1.859995275735855103e-01,-5.312725305557250977e-01,-7.591108977794647217e-02,1.633546352386474609e-01
-2.640264034271240234e-01,2.756201624870300293e-01,-1.966207921504974365e-01,-1.814000308513641357e-01,-5.218401551246643066e-01,-7.220003753900527954e-02,1.532510668039321899e-01
-2.596965730190277100e-01,2.599199116230010986e-01,-2.031054794788360596e-01,-1.755577772855758667e-01,-5.085880756378173828e-01,-6.366558372974395752e-02,1.459768116474151611e-01
-2.593998908996582031e-01,2.449758946895599365e-01,-2.097551226615905762e-01,-1.692113727331161499e-01,-4.943154454231262207e-01,-5.446252226829528809e-02,1.421555429697036743e-01
-2.623409628868103027e-01,2.337518483400344849e-01,-2.155693918466567993e-01,-1.640946716070175171e-01,-4.813256561756134033e-01,-4.717414826154708862e-02,1.410437822341918945e-01
-2.665148079395294189e-01,2.273350059986114502e-01,-2.198790460824966431e-01,-1.608953028917312622e-01,-4.705741703510284424e-01,-4.185294732451438904e-02,1.410389542579650879e-01
-2.696405351161956787e-01,2.249378859996795654e-01,-2.226675152778625488e-01,-1.583524048328399658e-01,-4.622989892959594727e-01,-3.775240480899810791e-02,1.419492810964584351e-01
-2.719398140907287598e-01,2.241174876689910889e-01,-2.247911095619201660e-01,-1.571675539016723633e-01,-4.551669657230377197e-01,-3.433180227875709534e-02,1.421908438205718994e-01
-2.735395133495330811e-01,2.243957221508026123e-01,-2.269017398357391357e-01,-1.557552367448806763e-01,-4.498330652713775635e-01,-3.211618214845657349e-02,1.428363472223281860e-01
-2.748522460460662842e-01,2.251515090465545654e-01,-2.293328940868377686e-01,-1.536449193954467773e-01,-4.465603828430175781e-01,-3.102049045264720917e-02,1.440586745738983154e-01
-2.761632800102233887e-01,2.262311726808547974e-01,-2.319719642400741577e-01,-1.507947295904159546e-01,-4.454800188541412354e-01,-3.079827316105365753e-02,1.454262435436248779e-01
-2.775724828243255615e-01,2.277326583862304688e-01,-2.344137132167816162e-01,-1.476047486066818237e-01,-4.465202093124389648e-01,-3.103715553879737854e-02,1.463759839534759521e-01
-2.790041267871856689e-01,2.297242581844329834e-01,-2.361970245838165283e-01,-1.446911692619323730e-01,-4.493728876113891602e-01,-3.136631846427917480e-02,1.465894579887390137e-01
-2.802678048610687256e-01,2.320300489664077759e-01,-2.370561957359313965e-01,-1.425718367099761963e-01,-4.534929394721984863e-01,-3.161694109439849854e-02,1.460478305816650391e-01
-2.811484932899475098e-01,2.342318445444107056e-01,-2.370474487543106079e-01,-1.414740234613418579e-01,-4.581815600395202637e-01,-3.184073418378829956e-02,1.448689997196197510e-01
-2.815110087394714355e-01,2.358659207820892334e-01,-2.365001887083053589e-01,-1.413185596466064453e-01,-4.627537131309509277e-01,-3.221914544701576233e-02,1.431795209646224976e-01
-2.813572287559509277e-01,2.366393506526947021e-01,-2.358559370040893555e-01,-1.418174654245376587e-01,-4.666901528835296631e-01,-3.291575983166694641e-02,1.411030441522598267e-01
-2.808014452457427979e-01,2.365123778581619263e-01,-2.355093508958816528e-01,-1.426068693399429321e-01,-4.696859419345855713e-01,-3.394721448421478271e-02,1.387920975685119629e-01
-2.800029814243316650e-01,2.356334924697875977e-01,-2.357304841279983521e-01,-1.433534622192382812e-01,-4.716076850891113281e-01,-3.515316545963287354e-02,1.364559978246688843e-01
-2.791102826595306396e-01,2.342188656330108643e-01,-2.366575598716735840e-01,-1.438061445951461792e-01,-4.724436700344085693e-01,-3.628220409154891968e-02,1.343741565942764282e-01
-2.782339155673980713e-01,2.324631363153457642e-01,-2.383153289556503296e-01,-1.438042521476745605e-01,-4.722830057144165039e-01,-3.711570426821708679e-02,1.328565478324890137e-01
-2.774387300014495850e-01,2.305128425359725952e-01,-2.406320273876190186e-01,-1.432641297578811646e-01,-4.713095128536224365e-01,-3.754005208611488342e-02,1.321393847465515137e-01
-2.767481207847595215e-01,2.284872680902481079e-01,-2.434567958116531372e-01,-1.421658098697662354e-01,-4.697784781455993652e-01,-3.754077851772308350e-02,1.322726309299468994e-01
-2.761565148830413818e-01,2.265074104070663452e-01,-2.465848624706268311e-01,-1.405415236949920654e-01,-4.679699838161468506e-01,-3.715341538190841675e-02,1.330859512090682983e-01
-2.756436169147491455e-01,2.247017323970794678e-01,-2.497914135456085205e-01,-1.384662985801696777e-01,-4.661338627338409424e-01,-3.641943261027336121e-02,1.342563331127166748e-01
-2.751870453357696533e-01,2.231834679841995239e-01,-2.528640925884246826e-01,-1.360459923744201660e-01,-4.644460678100585938e-01,-3.537519276142120361e-02,1.354343295097351074e-01
-2.747710645198822021e-01,2.220163494348526001e-01,-2.556275725364685059e-01,-1.334043145179748535e-01,-4.629894196987152100e-01,-3.406329825520515442e-02,1.363587379455566406e-01
-2.743909060955047607e-01,2.211970984935760498e-01,-2.579558193683624268e-01,-1.306706815958023071e-01,-4.617637991905212402e-01,-3.254630044102668762e-02,1.369110792875289917e-01
-2.740527093410491943e-01,2.206666171550750732e-01,-2.597755491733551025e-01,-1.279678046703338623e-01,-4.607142508029937744e-01,-3.090137429535388947e-02,1.371028423309326172e-01
-2.737704813480377197e-01,2.203425914049148560e-01,-2.610623836517333984e-01,-1.253983825445175171e-01,-4.597662687301635742e-01,-2.920053713023662567e-02,1.370248943567276001e-01
-2.735626399517059326e-01,2.201543897390365601e-01,-2.618342041969299316e-01,-1.230338811874389648e-01,-4.588564932346343994e-01,-2.749102190136909485e-02,1.367950141429901123e-01
-2.734478414058685303e-01,2.200647145509719849e-01,-2.621407806873321533e-01,-1.209082975983619690e-01,-4.579497277736663818e-01,-2.578893676400184631e-02,1.365249007940292358e-01
-2.734398245811462402e-01,2.200722545385360718e-01,-2.620518207550048828e-01,-1.190213337540626526e-01,-4.570452570915222168e-01,-2.408832497894763947e-02,1.363029778003692627e-01
-2.735429108142852783e-01,2.201994061470031738e-01,-2.616447508335113525e-01,-1.173482760787010193e-01,-4.561730325222015381e-01,-2.237647399306297302e-02,1.361848562955856323e-01
-2.737488746643066406e-01,2.204758226871490479e-01,-2.609949111938476562e-01,-1.158521547913551331e-01,-4.553849101066589355e-01,-2.064702287316322327e-02,1.361866444349288940e-01
