-4.344842731952667236e-01,3.706485331058502197e-01,-6.629524286836385727e-03,-7.455875724554061890e-02,-2.878306806087493896e-01,-2.571953833103179932e-01,6.667058467864990234e-01
-4.351047575473785400e-01,3.791020810604095459e-01,-1.532436534762382507e-02,-9.344895929098129272e-02,-2.698856592178344727e-01,-2.492345273494720459e-01,5.921310186386108398e-01
-4.092623293399810791e-01,3.766051530838012695e-01,4.212293308228254318e-03,-6.311551481485366821e-02,-3.075152337551116943e-01,-2.428068220615386963e-01,6.585282683372497559e-01
-4.204230308532714844e-01,3.761363625526428223e-01,9.858665987849235535e-03,-7.720115035772323608e-02,-3.177386224269866943e-01,-2.424622327089309692e-01,6.912885904312133789e-01
-4.275913238525390625e-01,3.718358874320983887e-01,1.310947909951210022e-02,-7.105147838592529297e-02,-3.167282342910766602e-01,-2.512029111385345459e-01,7.097182273864746094e-01
-4.258071482181549072e-01,3.683163225650787354e-01,1.129315979778766632e-02,-7.248025387525558472e-02,-3.148577213287353516e-01,-2.558654546737670898e-01,7.148068547248840332e-01
-4.202234148979187012e-01,3.658700287342071533e-01,7.166658062487840652e-03,-7.415978610515594482e-02,-3.148018121719360352e-01,-2.557965517044067383e-01,7.132244110107421875e-01
-4.170953631401062012e-01,3.649511635303497314e-01,3.875355701893568039e-03,-7.531671226024627686e-02,-3.161948621273040771e-01,-2.532232105731964111e-01,7.108077406883239746e-01
-4.183521270751953125e-01,3.645651340484619141e-01,2.391021000221371651e-03,-7.499223947525024414e-02,-3.165146708488464355e-01,-2.492818832397460938e-01,7.107869982719421387e-01
-4.228692054748535156e-01,3.639376163482666016e-01,2.674446441233158112e-03,-7.465227693319320679e-02,-3.139022290706634521e-01,-2.462295293807983398e-01,7.131281495094299316e-01
-4.284965395927429199e-01,3.636099994182586670e-01,5.063107237219810486e-03,-7.524722069501876831e-02,-3.092648684978485107e-01,-2.451411038637161255e-01,7.167875170707702637e-01
-4.335963428020477295e-01,3.638891875743865967e-01,8.340093307197093964e-03,-7.632463425397872925e-02,-3.044012486934661865e-01,-2.442959696054458618e-01,7.201412916183471680e-01
-4.366564452648162842e-01,3.659712970256805420e-01,1.199582871049642563e-02,-7.851999998092651367e-02,-3.022337853908538818e-01,-2.416742891073226929e-01,7.213281989097595215e-01
-4.371417164802551270e-01,3.686952590942382812e-01,1.357041485607624054e-02,-8.080184459686279297e-02,-3.025700151920318604e-01,-2.382285594940185547e-01,7.191957831382751465e-01
-4.359188377857208252e-01,3.706477284431457520e-01,1.287258043885231018e-02,-8.096325397491455078e-02,-3.040755689144134521e-01,-2.363963723182678223e-01,7.150413990020751953e-01
-4.342032074928283691e-01,3.704696595668792725e-01,1.023786421865224838e-02,-7.857464253902435303e-02,-3.052957057952880859e-01,-2.375190109014511108e-01,7.110678553581237793e-01
-4.329093396663665771e-01,3.686558008193969727e-01,6.981270387768745422e-03,-7.514129579067230225e-02,-3.056629896163940430e-01,-2.406154423952102661e-01,7.087963819503784180e-01
-4.325256049633026123e-01,3.660679161548614502e-01,4.302182700484991074e-03,-7.264687120914459229e-02,-3.052814304828643799e-01,-2.442069351673126221e-01,7.085978388786315918e-01
-4.327681064605712891e-01,3.635297119617462158e-01,2.811851911246776581e-03,-7.107583433389663696e-02,-3.041716217994689941e-01,-2.473906576633453369e-01,7.098087072372436523e-01
-4.333103597164154053e-01,3.616365790367126465e-01,2.700387034565210342e-03,-7.014963775873184204e-02,-3.025609254837036133e-01,-2.499100267887115479e-01,7.114587426185607910e-01
-4.340177476406097412e-01,3.602669835090637207e-01,4.214689135551452637e-03,-6.874383240938186646e-02,-3.005637228488922119e-01,-2.503162324428558350e-01,7.135484814643859863e-01
-4.348212778568267822e-01,3.585228621959686279e-01,6.812311708927154541e-03,-6.664673984050750732e-02,-2.984528243541717529e-01,-2.474341690540313721e-01,7.167137265205383301e-01
-4.352120459079742432e-01,3.544814288616180420e-01,7.925516925752162933e-03,-6.169989705085754395e-02,-2.938640713691711426e-01,-2.420550286769866943e-01,7.209672927856445312e-01
-4.349408149719238281e-01,3.437911272048950195e-01,2.354740863665938377e-03,-5.001246556639671326e-02,-2.815026640892028809e-01,-2.374922633171081543e-01,7.252107858657836914e-01
-4.346348345279693604e-01,3.237543404102325439e-01,-1.396823581308126450e-02,-2.971196174621582031e-02,-2.556061446666717529e-01,-2.370105534791946411e-01,7.275612354278564453e-01
-4.356636106967926025e-01,2.919346392154693604e-01,-4.521847516298294067e-02,-1.306096091866493225e-04,-2.101269662380218506e-01,-2.388727515935897827e-01,7.268430590629577637e-01
-4.381600320339202881e-01,2.472891360521316528e-01,-9.082724153995513916e-02,3.722666949033737183e-02,-1.412093788385391235e-01,-2.411245405673980713e-01,7.234697937965393066e-01
-4.391241669654846191e-01,2.051426470279693604e-01,-1.312766224145889282e-01,6.946914643049240112e-02,-6.504280865192413330e-02,-2.432846426963806152e-01,7.202462553977966309e-01
-4.351622462272644043e-01,1.795711517333984375e-01,-1.504164636135101318e-01,8.894434571266174316e-02,-8.601244539022445679e-03,-2.419649213552474976e-01,7.224463224411010742e-01
-4.277329742908477783e-01,1.692402213811874390e-01,-1.577377170324325562e-01,1.015274971723556519e-01,2.665825188159942627e-02,-2.382999807596206665e-01,7.291269898414611816e-01
-4.220551550388336182e-01,1.705990284681320190e-01,-1.652839183807373047e-01,1.129885390400886536e-01,4.684992507100105286e-02,-2.338977605104446411e-01,7.384012341499328613e-01
-4.203427135944366455e-01,1.813810765743255615e-01,-1.773918271064758301e-01,1.295809894800186157e-01,5.767248198390007019e-02,-2.300854176282882690e-01,7.478493452072143555e-01
-4.248353242874145508e-01,1.995701193809509277e-01,-1.893647462129592896e-01,1.349988877773284912e-01,5.567665398120880127e-02,-2.277370542287826538e-01,7.574589848518371582e-01
-4.287391602993011475e-01,2.153353542089462280e-01,-2.010878473520278931e-01,1.363564729690551758e-01,4.924097284674644470e-02,-2.204453349113464355e-01,7.628402709960937500e-01
-4.292753040790557861e-01,2.276803106069564819e-01,-2.061918973922729492e-01,1.331622898578643799e-01,4.162700474262237549e-02,-2.166510522365570068e-01,7.600768208503723145e-01
-4.291293621063232422e-01,2.336240857839584351e-01,-2.114144563674926758e-01,1.330529749393463135e-01,4.079371690750122070e-02,-2.173850834369659424e-01,7.512981295585632324e-01
-4.309629201889038086e-01,2.339879721403121948e-01,-2.127157002687454224e-01,1.379927843809127808e-01,4.652640223503112793e-02,-2.201191037893295288e-01,7.457096576690673828e-01
-4.357318580150604248e-01,2.403810024261474609e-01,-2.045391649007797241e-01,1.429667323827743530e-01,5.177071690559387207e-02,-2.266587018966674805e-01,7.466474771499633789e-01
-4.373981654644012451e-01,2.553468644618988037e-01,-1.906266212463378906e-01,1.449048668146133423e-01,4.708765447139739990e-02,-2.292131781578063965e-01,7.493064403533935547e-01
-4.386567771434783936e-01,2.548168897628784180e-01,-1.908853054046630859e-01,1.504756361246109009e-01,4.908492416143417358e-02,-2.253351807594299316e-01,7.472060918807983398e-01
-4.324570894241333008e-01,2.534802556037902832e-01,-1.908085942268371582e-01,1.558292061090469360e-01,5.124298855662345886e-02,-2.174608856439590454e-01,7.334765195846557617e-01
-4.307286143302917480e-01,2.637653648853302002e-01,-1.897480040788650513e-01,1.733750104904174805e-01,4.245113581418991089e-02,-2.114502638578414917e-01,7.089443802833557129e-01
-4.373866021633148193e-01,2.791690826416015625e-01,-1.922916322946548462e-01,2.104491144418716431e-01,2.396750822663307190e-02,-2.033023536205291748e-01,6.774711608886718750e-01
-4.443038403987884521e-01,2.787642478942871094e-01,-2.000892460346221924e-01,2.483439892530441284e-01,1.369498297572135925e-02,-1.911428421735763550e-01,6.466635465621948242e-01
-4.453856945037841797e-01,2.680064141750335693e-01,-2.044785767793655396e-01,2.825451791286468506e-01,6.507574580609798431e-03,-1.707712858915328979e-01,6.211808323860168457e-01
-4.400369226932525635e-01,2.530324459075927734e-01,-2.071835994720458984e-01,3.057410120964050293e-01,2.102623693645000458e-05,-1.567572355270385742e-01,5.923860073089599609e-01
-4.341763257980346680e-01,2.481300830841064453e-01,-2.009775787591934204e-01,3.105129599571228027e-01,-2.286427468061447144e-02,-1.570339053869247437e-01,5.499711632728576660e-01
-4.296226501464843750e-01,2.565830945968627930e-01,-1.956942975521087646e-01,3.153053224086761475e-01,-8.109007775783538818e-02,-1.642558723688125610e-01,4.770950078964233398e-01
-4.278530180454254150e-01,2.819614112377166748e-01,-1.882970035076141357e-01,3.250056207180023193e-01,-1.714248806238174438e-01,-1.743971556425094604e-01,3.633415699005126953e-01
-4.342234432697296143e-01,3.046530485153198242e-01,-1.850060522556304932e-01,3.313255012035369873e-01,-2.285185754299163818e-01,-1.827625781297683716e-01,2.629386484622955322e-01
-4.396871626377105713e-01,3.212343752384185791e-01,-1.860256642103195190e-01,3.368072807788848877e-01,-2.463276833295822144e-01,-1.821954101324081421e-01,1.991391628980636597e-01
-4.443346858024597168e-01,3.335753977298736572e-01,-2.009254097938537598e-01,3.378333747386932373e-01,-2.497043162584304810e-01,-1.754074990749359131e-01,1.579454541206359863e-01
-4.538859724998474121e-01,3.641324341297149658e-01,-2.186745107173919678e-01,3.245855271816253662e-01,-2.621800005435943604e-01,-1.773344874382019043e-01,1.298882067203521729e-01
-4.604949057102203369e-01,4.074676036834716797e-01,-2.283412963151931763e-01,3.108406066894531250e-01,-2.870584726333618164e-01,-1.922772228717803955e-01,1.180669441819190979e-01
-4.606824517250061035e-01,4.443332254886627197e-01,-2.381232380867004395e-01,3.052671551704406738e-01,-2.992466390132904053e-01,-2.047562152147293091e-01,1.111612990498542786e-01
-4.634527564048767090e-01,4.800662100315093994e-01,-2.420482188463211060e-01,3.019205331802368164e-01,-3.193457424640655518e-01,-2.111858427524566650e-01,1.131955385208129883e-01
-4.686617255210876465e-01,5.357397198677062988e-01,-2.508396208286285400e-01,2.981049418449401855e-01,-3.553960025310516357e-01,-1.968282461166381836e-01,1.109525635838508606e-01
-4.765013456344604492e-01,6.078597903251647949e-01,-2.575155496597290039e-01,2.991947531700134277e-01,-4.031630158424377441e-01,-1.615890413522720337e-01,1.072188764810562134e-01
-4.722321331501007080e-01,6.214648485183715820e-01,-2.689472734928131104e-01,3.176497220993041992e-01,-4.154640734195709229e-01,-1.271746009588241577e-01,9.660413116216659546e-02
-4.592567086219787598e-01,6.208170056343078613e-01,-2.614277005195617676e-01,3.095078468322753906e-01,-4.323535561561584473e-01,-7.535638660192489624e-02,8.221337199211120605e-02
-4.463626444339752197e-01,6.294968128204345703e-01,-2.504830360412597656e-01,2.762446701526641846e-01,-4.631542563438415527e-01,-1.819372549653053284e-02,6.386106461286544800e-02
-4.408809840679168701e-01,6.662704944610595703e-01,-2.351884990930557251e-01,2.113216221332550049e-01,-5.205983519554138184e-01,1.763051562011241913e-02,5.189483612775802612e-02
-4.416278898715972900e-01,7.066910266876220703e-01,-2.307897210121154785e-01,1.499137431383132935e-01,-5.634776353836059570e-01,4.353507235646247864e-02,5.018396675586700439e-02
-4.445051252841949463e-01,7.419788241386413574e-01,-2.369205355644226074e-01,9.666108340024948120e-02,-5.877585411071777344e-01,7.341964542865753174e-02,6.130390986800193787e-02
-4.388936758041381836e-01,7.625374197959899902e-01,-2.570768296718597412e-01,7.244458794593811035e-02,-5.920152068138122559e-01,9.472398459911346436e-02,6.351607292890548706e-02
-4.260734021663665771e-01,7.743434309959411621e-01,-2.723384201526641846e-01,6.237601488828659058e-02,-5.885614156723022461e-01,9.433105587959289551e-02,4.805894568562507629e-02
-4.220113158226013184e-01,7.866058349609375000e-01,-2.635349631309509277e-01,3.524013608694076538e-02,-5.944380164146423340e-01,7.599260658025741577e-02,4.784874618053436279e-02
-4.215495884418487549e-01,7.961724996566772461e-01,-2.609395682811737061e-01,1.037874072790145874e-02,-5.926101207733154297e-01,6.094929203391075134e-02,5.277339369058609009e-02
-4.197200834751129150e-01,8.033222556114196777e-01,-2.649222016334533691e-01,-1.016109809279441833e-02,-5.786963701248168945e-01,4.788954183459281921e-02,3.805086761713027954e-02
-4.290524721145629883e-01,8.146267533302307129e-01,-2.527300417423248291e-01,-2.555949799716472626e-02,-5.709839463233947754e-01,4.896715655922889709e-02,3.177100792527198792e-02
-4.445258677005767822e-01,8.250571489334106445e-01,-2.377884984016418457e-01,-2.063411660492420197e-02,-5.696164965629577637e-01,4.993109777569770813e-02,4.141721501946449280e-02
-4.512941241264343262e-01,8.279911279678344727e-01,-2.287812083959579468e-01,5.241874023340642452e-04,-5.689731836318969727e-01,3.914084285497665405e-02,5.392552167177200317e-02
-4.493679404258728027e-01,8.217986822128295898e-01,-2.243156433105468750e-01,2.281209267675876617e-02,-5.709650516510009766e-01,2.091579698026180267e-02,7.017426937818527222e-02
-4.466823339462280273e-01,8.088052868843078613e-01,-2.155508697032928467e-01,4.820766299962997437e-02,-5.804710388183593750e-01,4.567174240946769714e-03,1.010425612330436707e-01
-4.323659241199493408e-01,7.893625497817993164e-01,-2.054466158151626587e-01,7.858442515134811401e-02,-5.897704362869262695e-01,-7.319766562432050705e-03,1.221606284379959106e-01
-4.029389023780822754e-01,7.632493972778320312e-01,-1.990617066621780396e-01,9.577099978923797607e-02,-5.992470383644104004e-01,2.749115228652954102e-04,1.100876554846763611e-01
-3.714438974857330322e-01,7.210414409637451172e-01,-1.960344612598419189e-01,9.430367499589920044e-02,-6.119450330734252930e-01,2.588968165218830109e-02,7.956822961568832397e-02
-3.357593417167663574e-01,6.310526728630065918e-01,-1.944944709539413452e-01,9.170475602149963379e-02,-6.068743467330932617e-01,3.221082314848899841e-02,4.589303582906723022e-02
-3.314967155456542969e-01,5.557872653007507324e-01,-1.583521664142608643e-01,5.374148860573768616e-02,-6.219128966331481934e-01,1.224361080676317215e-02,6.749302893877029419e-02
-3.330349922180175781e-01,5.258647799491882324e-01,-1.287355571985244751e-01,2.655878290534019470e-02,-6.339747309684753418e-01,5.214106291532516479e-03,9.413939714431762695e-02
-3.126338720321655273e-01,4.755956828594207764e-01,-1.373738795518875122e-01,-9.885218925774097443e-03,-6.155057549476623535e-01,-9.771244600415229797e-03,9.433074295520782471e-02
-3.196925818920135498e-01,4.320371448993682861e-01,-1.328345090150833130e-01,-6.763112545013427734e-02,-5.891846418380737305e-01,-2.719403803348541260e-02,1.118090376257896423e-01
-3.195388913154602051e-01,3.780691325664520264e-01,-1.425520330667495728e-01,-8.806954324245452881e-02,-5.593885779380798340e-01,-3.193297609686851501e-02,1.495922207832336426e-01
-3.107558488845825195e-01,3.504295647144317627e-01,-1.418062448501586914e-01,-1.169480979442596436e-01,-5.472158193588256836e-01,-2.302247472107410431e-02,1.812996268272399902e-01
-3.083329200744628906e-01,3.517190217971801758e-01,-1.393223404884338379e-01,-1.541630923748016357e-01,-5.593526959419250488e-01,-2.151928469538688660e-02,2.009373456239700317e-01
-3.085656166076660156e-01,3.612860739231109619e-01,-1.432897746562957764e-01,-1.828858554363250732e-01,-5.790597796440124512e-01,-3.175629675388336182e-02,2.058551460504531860e-01
-3.047037720680236816e-01,3.664193153381347656e-01,-1.406365185976028442e-01,-1.827576011419296265e-01,-5.899566411972045898e-01,-2.892703004181385040e-02,2.058366984128952026e-01
-3.000068962574005127e-01,3.673866689205169678e-01,-1.408610492944717407e-01,-1.782229691743850708e-01,-5.887555480003356934e-01,-2.724077738821506500e-02,1.988033652305603027e-01
-2.990931272506713867e-01,3.758259117603302002e-01,-1.373907923698425293e-01,-1.819507777690887451e-01,-5.887889862060546875e-01,-2.946825698018074036e-02,1.957854926586151123e-01
-3.001981377601623535e-01,3.854164481163024902e-01,-1.360525190830230713e-01,-1.895970702171325684e-01,-5.897822976112365723e-01,-3.403284400701522827e-02,1.927097886800765991e-01
-3.005639910697937012e-01,3.945503532886505127e-01,-1.334960907697677612e-01,-2.013900876045227051e-01,-5.926997661590576172e-01,-3.807769715785980225e-02,1.864607632160186768e-01
-2.988654673099517822e-01,3.998516499996185303e-01,-1.323937773704528809e-01,-2.124533057212829590e-01,-5.953510999679565430e-01,-3.812080994248390198e-02,1.766531914472579956e-01
-2.956118285655975342e-01,4.028084278106689453e-01,-1.322388947010040283e-01,-2.207492887973785400e-01,-5.971626043319702148e-01,-3.526128828525543213e-02,1.665706038475036621e-01
-2.922911345958709717e-01,4.061754047870635986e-01,-1.333207488059997559e-01,-2.253860682249069214e-01,-5.982183814048767090e-01,-3.202333673834800720e-02,1.598505377769470215e-01
-2.907100319862365723e-01,4.116257727146148682e-01,-1.352419257164001465e-01,-2.283893227577209473e-01,-5.988305211067199707e-01,-3.118721581995487213e-02,1.579294651746749878e-01
-2.913152575492858887e-01,4.187794625759124756e-01,-1.375934481620788574e-01,-2.317857742309570312e-01,-5.996848344802856445e-01,-3.358444198966026306e-02,1.595711708068847656e-01
-2.924160361289978027e-01,4.261133968830108643e-01,-1.397300213575363159e-01,-2.356242537498474121e-01,-6.010611653327941895e-01,-3.790421038866043091e-02,1.618650704622268677e-01
-2.923300266265869141e-01,4.312375485897064209e-01,-1.420640945434570312e-01,-2.391162663698196411e-01,-6.022829413414001465e-01,-4.204039648175239563e-02,1.614351123571395874e-01
-2.907679080963134766e-01,4.331974387168884277e-01,-1.444191634654998779e-01,-2.416125833988189697e-01,-6.030901074409484863e-01,-4.436769336462020874e-02,1.578854918479919434e-01
-2.885701060295104980e-01,4.325798153877258301e-01,-1.468022614717483521e-01,-2.434118837118148804e-01,-6.038336157798767090e-01,-4.446192458271980286e-02,1.531904786825180054e-01
-2.866197824478149414e-01,4.308820962905883789e-01,-1.490981280803680420e-01,-2.453568279743194580e-01,-6.051959991455078125e-01,-4.298999533057212830e-02,1.496854424476623535e-01
-2.851208746433258057e-01,4.293354451656341553e-01,-1.512193232774734497e-01,-2.479513734579086304e-01,-6.074706315994262695e-01,-4.088973253965377808e-02,1.481989026069641113e-01
-2.837696671485900879e-01,4.283269941806793213e-01,-1.531447470188140869e-01,-2.509296238422393799e-01,-6.102715730667114258e-01,-3.884773701429367065e-02,1.478971093893051147e-01
-2.823260426521301270e-01,4.275981187820434570e-01,-1.549700796604156494e-01,-2.535872757434844971e-01,-6.128048896789550781e-01,-3.722608089447021484e-02,1.474484503269195557e-01
-2.809162139892578125e-01,4.268249571323394775e-01,-1.567886024713516235e-01,-2.554405629634857178e-01,-6.143857240676879883e-01,-3.623823821544647217e-02,1.462214291095733643e-01
-2.799103260040283203e-01,4.259974062442779541e-01,-1.585870236158370972e-01,-2.564994990825653076e-01,-6.147585511207580566e-01,-3.606113046407699585e-02,1.445553302764892578e-01
-2.796139121055603027e-01,4.253943562507629395e-01,-1.602486222982406616e-01,-2.570601403713226318e-01,-6.140909790992736816e-01,-3.679971396923065186e-02,1.432311385869979858e-01
-2.800510823726654053e-01,4.253126978874206543e-01,-1.616512835025787354e-01,-2.573696970939636230e-01,-6.127647757530212402e-01,-3.838857263326644897e-02,1.428026556968688965e-01
-2.809658944606781006e-01,4.258204996585845947e-01,-1.627670526504516602e-01,-2.574549913406372070e-01,-6.111464500427246094e-01,-4.057141765952110291e-02,1.432819217443466187e-01
-2.819962799549102783e-01,4.267007410526275635e-01,-1.636747717857360840e-01,-2.571611106395721436e-01,-6.094676256179809570e-01,-4.298464953899383545e-02,1.442579180002212524e-01
-2.828678190708160400e-01,4.275610744953155518e-01,-1.645009815692901611e-01,-2.563044428825378418e-01,-6.078292131423950195e-01,-4.526448994874954224e-02,1.452281028032302856e-01
-2.834820151329040527e-01,4.279978871345520020e-01,-1.653532534837722778e-01,-2.548123002052307129e-01,-6.062692999839782715e-01,-4.712245240807533264e-02,1.458752006292343140e-01
-2.838802933692932129e-01,4.277184009552001953e-01,-1.662916988134384155e-01,-2.527759373188018799e-01,-6.048222780227661133e-01,-4.838047921657562256e-02,1.461559981107711792e-01
-2.841487824916839600e-01,4.265918433666229248e-01,-1.673337668180465698e-01,-2.504105567932128906e-01,-6.035422086715698242e-01,-4.897593334317207336e-02,1.462257504463195801e-01
-2.843410670757293701e-01,4.246408343315124512e-01,-1.684752106666564941e-01,-2.479704469442367554e-01,-6.024913787841796875e-01,-4.894227534532546997e-02,1.463026255369186401e-01
-2.844532132148742676e-01,4.220010340213775635e-01,-1.697079688310623169e-01,-2.456701695919036865e-01,-6.017194986343383789e-01,-4.837843403220176697e-02,1.465576887130737305e-01
-2.844441235065460205e-01,4.188775122165679932e-01,-1.710268408060073853e-01,-2.436383217573165894e-01,-6.012485623359680176e-01,-4.742215573787689209e-02,1.470691859722137451e-01
-2.842765450477600098e-01,4.155095517635345459e-01,-1.724251657724380493e-01,-2.419047951698303223e-01,-6.010653376579284668e-01,-4.623581469058990479e-02,1.478318125009536743e-01
-2.839500904083251953e-01,4.121429324150085449e-01,-1.738857775926589966e-01,-2.404139637947082520e-01,-6.011233925819396973e-01,-4.499575868248939514e-02,1.487935334444046021e-01
-2.835116088390350342e-01,4.090024232864379883e-01,-1.753746867179870605e-01,-2.390527278184890747e-01,-6.013515591621398926e-01,-4.387594014406204224e-02,1.498915404081344604e-01
