-4.344829022884368896e-01,3.706485331058502197e-01,-6.624069996178150177e-03,-7.455032318830490112e-02,-2.878375053405761719e-01,-2.575779855251312256e-01,6.667482256889343262e-01
-4.287431538105010986e-01,3.714974820613861084e-01,-1.255147065967321396e-02,-5.897201970219612122e-02,-2.885705828666687012e-01,-2.288947403430938721e-01,6.218968629837036133e-01
-4.252572655677795410e-01,3.597158193588256836e-01,-1.228747703135013580e-02,-4.969136416912078857e-02,-2.828871309757232666e-01,-2.525568604469299316e-01,6.719934940338134766e-01
-4.332658052444458008e-01,3.667702078819274902e-01,1.392189972102642059e-02,-6.498268991708755493e-02,-3.010596632957458496e-01,-2.624644339084625244e-01,7.055196762084960938e-01
-4.326804578304290771e-01,3.635702729225158691e-01,1.804764010012149811e-02,-6.567528843879699707e-02,-3.003399968147277832e-01,-2.688136398792266846e-01,7.221736907958984375e-01
-4.285729825496673584e-01,3.657712638378143311e-01,2.074729837477207184e-02,-6.709578633308410645e-02,-3.007090389728546143e-01,-2.667122781276702881e-01,7.264760732650756836e-01
-4.246633648872375488e-01,3.668483495712280273e-01,1.512069813907146454e-02,-6.735869497060775757e-02,-2.996223568916320801e-01,-2.621205747127532959e-01,7.224091887474060059e-01
-4.240680336952209473e-01,3.688385188579559326e-01,1.079011801630258560e-02,-6.793656200170516968e-02,-3.014335334300994873e-01,-2.624721825122833252e-01,7.168732285499572754e-01
-4.260030388832092285e-01,3.707341253757476807e-01,7.149646524339914322e-03,-6.875935196876525879e-02,-3.054797649383544922e-01,-2.664082646369934082e-01,7.131091356277465820e-01
-4.275685250759124756e-01,3.712076246738433838e-01,4.473513457924127579e-03,-7.016511261463165283e-02,-3.108654320240020752e-01,-2.696945071220397949e-01,7.111333608627319336e-01
-4.273320138454437256e-01,3.689811527729034424e-01,1.665638410486280918e-03,-7.320958375930786133e-02,-3.151471018791198730e-01,-2.701948285102844238e-01,7.094628810882568359e-01
-4.254674911499023438e-01,3.647231161594390869e-01,-9.197873296216130257e-04,-7.755203545093536377e-02,-3.168409466743469238e-01,-2.687826454639434814e-01,7.079025506973266602e-01
-4.236641228199005127e-01,3.598102033138275146e-01,-3.517940174788236618e-03,-8.146809786558151245e-02,-3.150900304317474365e-01,-2.677917480468750000e-01,7.069439888000488281e-01
-4.238343238830566406e-01,3.566903471946716309e-01,-4.512509796768426895e-03,-8.447934687137603760e-02,-3.118574321269989014e-01,-2.683592438697814941e-01,7.077354192733764648e-01
-4.262168109416961670e-01,3.570996224880218506e-01,-3.697218140587210655e-03,-8.708149939775466919e-02,-3.089382052421569824e-01,-2.693105340003967285e-01,7.097299695014953613e-01
-4.297218918800354004e-01,3.611994385719299316e-01,-1.261630211956799030e-03,-8.906891942024230957e-02,-3.077049255371093750e-01,-2.700594365596771240e-01,7.111382484436035156e-01
-4.331148266792297363e-01,3.677253425121307373e-01,1.828864915296435356e-03,-8.969824761152267456e-02,-3.084582984447479248e-01,-2.705606818199157715e-01,7.101749777793884277e-01
-4.358588755130767822e-01,3.745447397232055664e-01,4.972276743501424789e-03,-8.771726489067077637e-02,-3.102739453315734863e-01,-2.721610069274902344e-01,7.067175507545471191e-01
-4.378149509429931641e-01,3.799727559089660645e-01,7.658612448722124100e-03,-8.376579731702804565e-02,-3.128628432750701904e-01,-2.752122282981872559e-01,7.017368078231811523e-01
-4.389846920967102051e-01,3.819122612476348877e-01,9.073855355381965637e-03,-7.846102118492126465e-02,-3.144971728324890137e-01,-2.788884639739990234e-01,6.965869069099426270e-01
-4.388041496276855469e-01,3.801194727420806885e-01,8.642479777336120605e-03,-7.312979549169540405e-02,-3.142092525959014893e-01,-2.814567685127258301e-01,6.916432976722717285e-01
-4.369899034500122070e-01,3.738325834274291992e-01,5.865428131073713303e-03,-6.794838607311248779e-02,-3.109798133373260498e-01,-2.821206152439117432e-01,6.871607303619384766e-01
-4.340308606624603271e-01,3.643071055412292480e-01,1.229832880198955536e-03,-6.240019202232360840e-02,-3.046493828296661377e-01,-2.814268767833709717e-01,6.832586526870727539e-01
-4.312368929386138916e-01,3.513925075531005859e-01,-5.956603679805994034e-03,-5.393403768539428711e-02,-2.938343584537506104e-01,-2.796781957149505615e-01,6.801002621650695801e-01
-4.295974671840667725e-01,3.365513682365417480e-01,-1.496350951492786407e-02,-4.188397899270057678e-02,-2.787498831748962402e-01,-2.767317593097686768e-01,6.775214672088623047e-01
-4.295039474964141846e-01,3.202557563781738281e-01,-2.629050612449645996e-02,-2.409428916871547699e-02,-2.577722966670989990e-01,-2.725443542003631592e-01,6.750281453132629395e-01
-4.310729801654815674e-01,2.992686033248901367e-01,-4.432368278503417969e-02,3.257461357861757278e-03,-2.244128584861755371e-01,-2.690034806728363037e-01,6.710574626922607422e-01
-4.356920719146728516e-01,2.646903693675994873e-01,-7.604261487722396851e-02,4.571693018078804016e-02,-1.659868657588958740e-01,-2.680082023143768311e-01,6.646358966827392578e-01
-4.422465860843658447e-01,2.143133431673049927e-01,-1.203059852123260498e-01,1.022407263517379761e-01,-7.759169489145278931e-02,-2.706484794616699219e-01,6.553115844726562500e-01
-4.437577128410339355e-01,1.632160693407058716e-01,-1.600642353296279907e-01,1.565576940774917603e-01,2.113628014922142029e-02,-2.741383016109466553e-01,6.461111903190612793e-01
-4.404970705509185791e-01,1.053650900721549988e-01,-1.853433549404144287e-01,1.977434307336807251e-01,1.113524436950683594e-01,-2.712479233741760254e-01,6.487165689468383789e-01
-4.368264377117156982e-01,7.432505488395690918e-02,-1.930297017097473145e-01,2.069637179374694824e-01,1.683258712291717529e-01,-2.638971507549285889e-01,6.612026691436767578e-01
-4.359101653099060059e-01,7.256501168012619019e-02,-2.062009572982788086e-01,2.010920494794845581e-01,1.951716989278793335e-01,-2.676171660423278809e-01,6.754893660545349121e-01
-4.329269826412200928e-01,8.056819438934326172e-02,-2.026529908180236816e-01,1.901139020919799805e-01,1.967373937368392944e-01,-2.756404578685760498e-01,6.950719952583312988e-01
-4.287959039211273193e-01,9.261702001094818115e-02,-2.011265456676483154e-01,1.856310665607452393e-01,1.952341943979263306e-01,-2.665222883224487305e-01,7.059267759323120117e-01
-4.237022399902343750e-01,9.909813106060028076e-02,-2.059287428855895996e-01,1.804000735282897949e-01,2.010008096694946289e-01,-2.403964102268218994e-01,7.070974111557006836e-01
-4.172442555427551270e-01,1.023596450686454773e-01,-2.165285646915435791e-01,1.734456568956375122e-01,2.170362770557403564e-01,-1.973589211702346802e-01,7.047387957572937012e-01
-4.061595797538757324e-01,1.204864606261253357e-01,-2.216515243053436279e-01,1.644919961690902710e-01,2.290500998497009277e-01,-1.595981270074844360e-01,6.992315649986267090e-01
-4.074460268020629883e-01,1.341928392648696899e-01,-2.251646667718887329e-01,1.502273380756378174e-01,2.305425703525543213e-01,-1.530882865190505981e-01,6.918476819992065430e-01
-4.216348826885223389e-01,1.460078358650207520e-01,-2.292603552341461182e-01,1.467155069112777710e-01,2.229760736227035522e-01,-1.550422906875610352e-01,6.901259422302246094e-01
-4.280442893505096436e-01,1.434211283922195435e-01,-2.412710338830947876e-01,1.677661091089248657e-01,2.264658659696578979e-01,-1.557629853487014771e-01,6.873985528945922852e-01
-4.279177188873291016e-01,1.365136057138442993e-01,-2.455321252346038818e-01,1.869115233421325684e-01,2.322246283292770386e-01,-1.553847491741180420e-01,6.835489869117736816e-01
-4.310199320316314697e-01,1.332804113626480103e-01,-2.405337393283843994e-01,1.924446225166320801e-01,2.381639927625656128e-01,-1.557629704475402832e-01,6.829912066459655762e-01
-4.340743720531463623e-01,1.151936426758766174e-01,-2.432133257389068604e-01,1.911579817533493042e-01,2.573070526123046875e-01,-1.482058465480804443e-01,6.851257085800170898e-01
-4.319311976432800293e-01,8.257269114255905151e-02,-2.496813088655471802e-01,1.901554167270660400e-01,2.885330617427825928e-01,-1.400692015886306763e-01,6.887467503547668457e-01
-4.253149032592773438e-01,4.878945648670196533e-02,-2.527090907096862793e-01,1.987599581480026245e-01,3.161517083644866943e-01,-1.374286711215972900e-01,6.919139027595520020e-01
-4.175745546817779541e-01,2.633724547922611237e-02,-2.530804574489593506e-01,2.303407192230224609e-01,3.273370265960693359e-01,-1.365912705659866333e-01,6.905617713928222656e-01
-4.126884043216705322e-01,2.101546712219715118e-02,-2.529994547367095947e-01,2.812959253787994385e-01,3.157389163970947266e-01,-1.366711258888244629e-01,6.814702749252319336e-01
-4.160003960132598877e-01,8.713321760296821594e-03,-2.592346072196960449e-01,3.255193233489990234e-01,3.011103272438049316e-01,-1.452984362840652466e-01,6.708518862724304199e-01
-4.150811135768890381e-01,-1.845069974660873413e-02,-2.684082686901092529e-01,3.573301136493682861e-01,2.939776182174682617e-01,-1.528711318969726562e-01,6.663047075271606445e-01
-4.073073565959930420e-01,-4.277447611093521118e-02,-2.710054218769073486e-01,3.754592537879943848e-01,2.937871217727661133e-01,-1.427911370992660522e-01,6.716683506965637207e-01
-3.964353799819946289e-01,-5.366816371679306030e-02,-2.682109177112579346e-01,3.813696205615997314e-01,2.996751666069030762e-01,-1.194700822234153748e-01,6.849322915077209473e-01
-3.948509097099304199e-01,-5.566940084099769592e-02,-2.637630999088287354e-01,3.931628465652465820e-01,3.007331192493438721e-01,-1.188054457306861877e-01,6.939535737037658691e-01
-3.921592533588409424e-01,-5.570599809288978577e-02,-2.619499564170837402e-01,4.176397621631622314e-01,2.649555206298828125e-01,-1.439787298440933228e-01,6.739171147346496582e-01
-3.905705213546752930e-01,-3.374737501144409180e-02,-2.522975802421569824e-01,4.586660861968994141e-01,1.449279040098190308e-01,-1.838494092226028442e-01,5.914482474327087402e-01
-3.852960765361785889e-01,-1.378529518842697144e-02,-2.552784383296966553e-01,5.029996633529663086e-01,1.079140417277812958e-02,-2.119215130805969238e-01,4.364030063152313232e-01
-3.851984441280364990e-01,-1.003590878099203110e-02,-2.697347104549407959e-01,5.301288962364196777e-01,-5.341077223420143127e-02,-2.054968178272247314e-01,2.737385630607604980e-01
-3.924350440502166748e-01,3.893884131684899330e-03,-2.816219627857208252e-01,5.436124205589294434e-01,-9.599870443344116211e-02,-1.868043690919876099e-01,1.551788896322250366e-01
-3.991305828094482422e-01,2.900776825845241547e-02,-2.798846065998077393e-01,5.583826899528503418e-01,-1.419114917516708374e-01,-1.721381247043609619e-01,9.203643351793289185e-02
-3.937802612781524658e-01,3.231927379965782166e-02,-2.966876029968261719e-01,5.730590820312500000e-01,-1.598193347454071045e-01,-1.689781397581100464e-01,3.880944475531578064e-02
-3.876430988311767578e-01,3.103665262460708618e-02,-3.101758658885955811e-01,5.850425958633422852e-01,-1.612133830785751343e-01,-1.695748865604400635e-01,5.559995770454406738e-05
-3.870588541030883789e-01,3.716020658612251282e-02,-3.204997777938842773e-01,5.870499610900878906e-01,-1.570223271846771240e-01,-1.722511649131774902e-01,-2.275053970515727997e-02
-3.874408900737762451e-01,6.362044066190719604e-02,-3.224920928478240967e-01,5.801262855529785156e-01,-1.585714668035507202e-01,-1.800699532032012939e-01,-3.473756834864616394e-02
-3.945644795894622803e-01,9.745588898658752441e-02,-3.349729478359222412e-01,5.655096769332885742e-01,-1.607993096113204956e-01,-1.895679980516433716e-01,-6.189893186092376709e-02
-3.960400521755218506e-01,1.479006111621856689e-01,-3.387892246246337891e-01,5.502154231071472168e-01,-1.769755929708480835e-01,-2.008668631315231323e-01,-1.041292399168014526e-01
-3.900022804737091064e-01,1.982750892639160156e-01,-3.469144403934478760e-01,5.388838052749633789e-01,-1.969456076622009277e-01,-2.022912800312042236e-01,-1.696758121252059937e-01
-3.836853802204132080e-01,2.447692900896072388e-01,-3.438494205474853516e-01,5.321171283721923828e-01,-2.248351126909255981e-01,-1.945039778947830200e-01,-2.341502159833908081e-01
-3.719355463981628418e-01,2.665075659751892090e-01,-3.486115932464599609e-01,5.314909219741821289e-01,-2.399730980396270752e-01,-1.779868006706237793e-01,-2.929736673831939697e-01
-3.654775321483612061e-01,3.009544312953948975e-01,-3.462040424346923828e-01,5.423592925071716309e-01,-2.560698091983795166e-01,-1.492290943861007690e-01,-3.263758122920989990e-01
-3.835591971874237061e-01,3.761987984180450439e-01,-3.419887721538543701e-01,5.520990490913391113e-01,-2.859877347946166992e-01,-1.280522942543029785e-01,-3.269633948802947998e-01
-3.975798487663269043e-01,4.043128788471221924e-01,-3.510240316390991211e-01,5.599923729896545410e-01,-2.906242012977600098e-01,-1.429197043180465698e-01,-3.052373826503753662e-01
-3.962342143058776855e-01,4.053651988506317139e-01,-3.528834879398345947e-01,5.527439117431640625e-01,-2.970084249973297119e-01,-1.341323405504226685e-01,-2.828874588012695312e-01
-3.833751082420349121e-01,4.140220284461975098e-01,-3.454471528530120850e-01,5.298340916633605957e-01,-3.100796639919281006e-01,-1.047359332442283630e-01,-2.782160639762878418e-01
-3.695570528507232666e-01,4.312888383865356445e-01,-3.483390510082244873e-01,4.993316531181335449e-01,-3.261428177356719971e-01,-4.477339982986450195e-02,-3.084115684032440186e-01
-3.779543638229370117e-01,4.599913060665130615e-01,-3.538388907909393311e-01,4.822265505790710449e-01,-3.504520356655120850e-01,3.000539913773536682e-02,-3.162124156951904297e-01
-3.822320401668548584e-01,5.117606520652770996e-01,-3.584764897823333740e-01,4.601110219955444336e-01,-3.848691880702972412e-01,1.411309838294982910e-01,-2.949979305267333984e-01
-3.825865983963012695e-01,5.700821280479431152e-01,-3.638764321804046631e-01,3.995769619941711426e-01,-4.364934265613555908e-01,2.702990472316741943e-01,-2.583121955394744873e-01
-3.714751005172729492e-01,6.202197074890136719e-01,-3.599278926849365234e-01,3.077756464481353760e-01,-4.937686324119567871e-01,3.457820117473602295e-01,-2.328174859285354614e-01
-3.738873600959777832e-01,6.568916440010070801e-01,-3.584076464176177979e-01,2.527206838130950928e-01,-5.366969108581542969e-01,3.858253359794616699e-01,-2.076538205146789551e-01
-3.841522037982940674e-01,6.807528138160705566e-01,-3.704752922058105469e-01,2.312280684709548950e-01,-5.582032203674316406e-01,4.056735932826995850e-01,-1.948764026165008545e-01
-3.858152627944946289e-01,6.916911005973815918e-01,-3.848181068897247314e-01,2.237874567508697510e-01,-5.645959973335266113e-01,4.205086827278137207e-01,-1.797008514404296875e-01
-3.808530569076538086e-01,6.952069401741027832e-01,-3.931403458118438721e-01,2.115240991115570068e-01,-5.609208345413208008e-01,4.424531757831573486e-01,-1.601859629154205322e-01
-3.786278665065765381e-01,7.037539482116699219e-01,-3.865346014499664307e-01,1.830922365188598633e-01,-5.650296211242675781e-01,4.742812514305114746e-01,-1.294670104980468750e-01
-3.770622909069061279e-01,7.126504778861999512e-01,-3.843389153480529785e-01,1.498560160398483276e-01,-5.658786892890930176e-01,5.056550502777099609e-01,-1.069793924689292908e-01
-3.787022531032562256e-01,7.222676873207092285e-01,-3.837595582008361816e-01,1.135126054286956787e-01,-5.639382004737854004e-01,5.196980834007263184e-01,-9.333226829767227173e-02
-3.805803954601287842e-01,7.344223260879516602e-01,-3.869007229804992676e-01,7.421516627073287964e-02,-5.627733469009399414e-01,5.207082033157348633e-01,-8.141646534204483032e-02
-3.779112696647644043e-01,7.456300258636474609e-01,-3.936016559600830078e-01,4.383808746933937073e-02,-5.621073842048645020e-01,5.138178467750549316e-01,-7.298723608255386353e-02
-3.817940950393676758e-01,7.577697038650512695e-01,-3.929370045661926270e-01,1.950591057538986206e-02,-5.655397772789001465e-01,4.999055564403533936e-01,-6.228141486644744873e-02
-3.864386677742004395e-01,7.677736282348632812e-01,-3.956628441810607910e-01,2.446240512654185295e-03,-5.660061836242675781e-01,4.873071610927581787e-01,-5.576407536864280701e-02
-3.828747570514678955e-01,7.738360166549682617e-01,-4.025531411170959473e-01,-1.556763425469398499e-02,-5.623503327369689941e-01,4.813044667243957520e-01,-5.502720549702644348e-02
-3.750915229320526123e-01,7.781522870063781738e-01,-4.118231236934661865e-01,-3.185962140560150146e-02,-5.543942451477050781e-01,4.787736237049102783e-01,-5.956054851412773132e-02
-3.688893616199493408e-01,7.812495827674865723e-01,-4.199870824813842773e-01,-4.270469024777412415e-02,-5.426627397537231445e-01,4.718938767910003662e-01,-6.535364687442779541e-02
-3.664945065975189209e-01,7.836364507675170898e-01,-4.255661666393280029e-01,-4.826921224594116211e-02,-5.308576822280883789e-01,4.584688246250152588e-01,-7.322690635919570923e-02
-3.629474639892578125e-01,7.840576767921447754e-01,-4.302185177803039551e-01,-5.504557862877845764e-02,-5.283069610595703125e-01,4.455516040325164795e-01,-7.846667617559432983e-02
-3.586307466030120850e-01,7.818160653114318848e-01,-4.298869967460632324e-01,-5.516134575009346008e-02,-5.411235690116882324e-01,4.372233152389526367e-01,-6.815384328365325928e-02
-3.579759597778320312e-01,7.785863876342773438e-01,-4.108119308948516846e-01,-1.280721276998519897e-02,-5.640772581100463867e-01,4.275978803634643555e-01,-1.868665590882301331e-02
-3.383608162403106689e-01,7.595398426055908203e-01,-4.090910553932189941e-01,4.360702633857727051e-02,-5.648804306983947754e-01,4.439652860164642334e-01,3.666665870696306229e-03
-3.028268814086914062e-01,7.309513092041015625e-01,-4.141671061515808105e-01,8.641508221626281738e-02,-5.562871694564819336e-01,4.665181934833526611e-01,-2.504883520305156708e-02
-2.905088067054748535e-01,6.924320459365844727e-01,-4.168663620948791504e-01,1.223341897130012512e-01,-5.536655783653259277e-01,4.980321824550628662e-01,-4.272622987627983093e-02
-2.868413031101226807e-01,6.351389884948730469e-01,-4.185692667961120605e-01,1.532814949750900269e-01,-5.533548593521118164e-01,5.086113810539245605e-01,-4.168679192662239075e-02
-2.595941126346588135e-01,5.018774271011352539e-01,-4.263170063495635986e-01,1.983679831027984619e-01,-5.043606162071228027e-01,4.897049069404602051e-01,-3.972155600786209106e-02
-2.344349175691604614e-01,3.571332097053527832e-01,-4.268392920494079590e-01,2.254008948802947998e-01,-4.424409568309783936e-01,4.685199260711669922e-01,-2.836032770574092865e-02
-2.223391085863113403e-01,2.420144826173782349e-01,-4.294865429401397705e-01,2.080243825912475586e-01,-3.919237852096557617e-01,4.318296313285827637e-01,3.290677815675735474e-02
-2.130474001169204712e-01,1.432723104953765869e-01,-4.260940253734588623e-01,1.812458336353302002e-01,-3.568817973136901855e-01,3.670432865619659424e-01,1.563874781131744385e-01
-2.134818732738494873e-01,8.691264688968658447e-02,-4.174512028694152832e-01,1.603695601224899292e-01,-3.600471615791320801e-01,3.031553924083709717e-01,2.958881258964538574e-01
-2.092174887657165527e-01,3.638697415590286255e-02,-4.303182959556579590e-01,1.380583643913269043e-01,-3.614071011543273926e-01,2.430919408798217773e-01,3.932432830333709717e-01
-1.981917917728424072e-01,4.398693889379501343e-02,-4.060454368591308594e-01,1.102693676948547363e-01,-3.905232548713684082e-01,2.130700945854187012e-01,4.667851328849792480e-01
-2.062137424945831299e-01,2.839465998113155365e-02,-4.129290878772735596e-01,1.161025613546371460e-01,-3.911566436290740967e-01,2.050107121467590332e-01,5.070454478263854980e-01
-2.185743451118469238e-01,3.311720490455627441e-02,-4.082422852516174316e-01,1.210545524954795837e-01,-4.007318019866943359e-01,2.141208499670028687e-01,5.363663434982299805e-01
-2.256582677364349365e-01,2.649741061031818390e-02,-4.102397263050079346e-01,1.299086362123489380e-01,-4.027973115444183350e-01,2.279469370841979980e-01,5.546966195106506348e-01
-2.283663302659988403e-01,1.391001883894205093e-02,-4.103012681007385254e-01,1.349288225173950195e-01,-4.017249047756195068e-01,2.323919385671615601e-01,5.679348111152648926e-01
-2.272653728723526001e-01,4.541407979559153318e-04,-4.117311239242553711e-01,1.371785104274749756e-01,-3.963384926319122314e-01,2.281076610088348389e-01,5.743360519409179688e-01
-2.259332090616226196e-01,-8.705777116119861603e-03,-4.122204780578613281e-01,1.388571858406066895e-01,-3.897491395473480225e-01,2.187264859676361084e-01,5.776246190071105957e-01
-2.257294207811355591e-01,-1.353837922215461731e-02,-4.119955599308013916e-01,1.425204873085021973e-01,-3.846849203109741211e-01,2.095870375633239746e-01,5.811228752136230469e-01
-2.260615825653076172e-01,-1.526076905429363251e-02,-4.104818701744079590e-01,1.479509472846984863e-01,-3.834094107151031494e-01,2.030646055936813354e-01,5.863063931465148926e-01
-2.256882637739181519e-01,-1.664911210536956787e-02,-4.097366333007812500e-01,1.527471989393234253e-01,-3.835631906986236572e-01,1.991068571805953979e-01,5.894872546195983887e-01
-2.247675359249114990e-01,-1.458480488508939743e-02,-4.087722003459930420e-01,1.548844128847122192e-01,-3.857745230197906494e-01,1.970957517623901367e-01,5.885099172592163086e-01
-2.233978360891342163e-01,-9.624416008591651917e-03,-4.091676473617553711e-01,1.540907025337219238e-01,-3.882991373538970947e-01,1.961213797330856323e-01,5.811504721641540527e-01
-2.220086753368377686e-01,-2.802301663905382156e-03,-4.107608497142791748e-01,1.506385803222656250e-01,-3.902459740638732910e-01,1.957748979330062866e-01,5.673347115516662598e-01
-2.209407836198806763e-01,3.662541508674621582e-03,-4.134418964385986328e-01,1.458687037229537964e-01,-3.905459046363830566e-01,1.961291879415512085e-01,5.485910773277282715e-01
