-4.344870150089263916e-01,3.706344962120056152e-01,-6.632250733673572540e-03,-7.457561790943145752e-02,-2.880229651927947998e-01,-2.572404146194458008e-01,6.665628552436828613e-01
-4.105156958103179932e-01,3.486618697643280029e-01,3.868806408718228340e-03,-8.487293124198913574e-02,-2.839179933071136475e-01,-2.538367807865142822e-01,6.236417293548583984e-01
-4.219546616077423096e-01,3.579097390174865723e-01,-2.826796099543571472e-02,-6.478191167116165161e-02,-2.766840457916259766e-01,-2.452057301998138428e-01,6.471599340438842773e-01
-4.278413951396942139e-01,3.598237633705139160e-01,-2.035083062946796417e-02,-7.197101414203643799e-02,-2.829234302043914795e-01,-2.457646876573562622e-01,6.637231707572937012e-01
-4.295086264610290527e-01,3.505898714065551758e-01,-2.028932794928550720e-02,-7.487194240093231201e-02,-2.783374786376953125e-01,-2.431527227163314819e-01,6.724720597267150879e-01
-4.279651343822479248e-01,3.418880403041839600e-01,-1.776560209691524506e-02,-7.173524796962738037e-02,-2.690772116184234619e-01,-2.419024705886840820e-01,6.738705039024353027e-01
-4.258294701576232910e-01,3.361232876777648926e-01,-1.354994066059589386e-02,-6.725946813821792603e-02,-2.608419060707092285e-01,-2.428859621286392212e-01,6.714136600494384766e-01
-4.242330491542816162e-01,3.338609337806701660e-01,-9.770738892257213593e-03,-6.395321339368820190e-02,-2.562298178672790527e-01,-2.467031627893447876e-01,6.688743829727172852e-01
-4.232627153396606445e-01,3.337471485137939453e-01,-8.756110444664955139e-03,-6.178604066371917725e-02,-2.547644972801208496e-01,-2.527036070823669434e-01,6.687459349632263184e-01
-4.228682518005371094e-01,3.342505097389221191e-01,-1.050800736993551254e-02,-5.945029854774475098e-02,-2.566811144351959229e-01,-2.586501240730285645e-01,6.713959574699401855e-01
-4.229446351528167725e-01,3.337106406688690186e-01,-1.342136785387992859e-02,-5.628216639161109924e-02,-2.618540823459625244e-01,-2.622434496879577637e-01,6.751939058303833008e-01
-4.240599274635314941e-01,3.327047526836395264e-01,-1.495670434087514877e-02,-5.369368195533752441e-02,-2.688853442668914795e-01,-2.630919218063354492e-01,6.791198253631591797e-01
-4.265742003917694092e-01,3.327668607234954834e-01,-1.442894805222749710e-02,-5.388638749718666077e-02,-2.760335505008697510e-01,-2.622548341751098633e-01,6.831349134445190430e-01
-4.295124411582946777e-01,3.361293971538543701e-01,-1.273224409669637680e-02,-5.861313641071319580e-02,-2.833338677883148193e-01,-2.604941427707672119e-01,6.867120862007141113e-01
-4.316356182098388672e-01,3.431318998336791992e-01,-1.105257868766784668e-02,-6.747575849294662476e-02,-2.910372614860534668e-01,-2.570883929729461670e-01,6.889157891273498535e-01
-4.326768517494201660e-01,3.520118892192840576e-01,-9.593505412340164185e-03,-7.732151448726654053e-02,-2.975596785545349121e-01,-2.519043684005737305e-01,6.894349455833435059e-01
-4.333156347274780273e-01,3.612485229969024658e-01,-7.503049913793802261e-03,-8.404180407524108887e-02,-3.003456592559814453e-01,-2.470916658639907837e-01,6.891337037086486816e-01
-4.340154826641082764e-01,3.689504861831665039e-01,-5.034635309129953384e-03,-8.537942171096801758e-02,-2.980984151363372803e-01,-2.448891103267669678e-01,6.886057257652282715e-01
-4.343913197517395020e-01,3.734142482280731201e-01,-3.136485349386930466e-03,-8.306265622377395630e-02,-2.924845814704895020e-01,-2.451877593994140625e-01,6.878266334533691406e-01
-4.338137805461883545e-01,3.741024434566497803e-01,-2.593234647065401077e-03,-8.150035142898559570e-02,-2.871979475021362305e-01,-2.472689896821975708e-01,6.862257719039916992e-01
-4.325663745403289795e-01,3.725094199180603027e-01,-2.481295261532068253e-03,-8.328408002853393555e-02,-2.850011885166168213e-01,-2.514697611331939697e-01,6.839677095413208008e-01
-4.312769472599029541e-01,3.698656260967254639e-01,-2.393899718299508095e-03,-8.641070127487182617e-02,-2.853101491928100586e-01,-2.571517825126647949e-01,6.815152764320373535e-01
-4.307673871517181396e-01,3.658142685890197754e-01,-2.640787279233336449e-03,-8.638606965541839600e-02,-2.859345078468322754e-01,-2.619121670722961426e-01,6.789092421531677246e-01
-4.309185445308685303e-01,3.598769009113311768e-01,-3.977147396653890610e-03,-8.128307759761810303e-02,-2.855595648288726807e-01,-2.649055123329162598e-01,6.754072308540344238e-01
-4.314173758029937744e-01,3.524418771266937256e-01,-7.355845998972654343e-03,-7.280213385820388794e-02,-2.841013669967651367e-01,-2.681922018527984619e-01,6.712097525596618652e-01
-4.317649900913238525e-01,3.424715995788574219e-01,-1.466691493988037109e-02,-6.230267137289047241e-02,-2.791300714015960693e-01,-2.746404111385345459e-01,6.677079796791076660e-01
-4.324398934841156006e-01,3.274653851985931396e-01,-2.896848879754543304e-02,-4.840532317757606506e-02,-2.645515799522399902e-01,-2.850421369075775146e-01,6.670151948928833008e-01
-4.341156780719757080e-01,3.023099005222320557e-01,-5.780612677335739136e-02,-2.412473037838935852e-02,-2.284076809883117676e-01,-2.948298156261444092e-01,6.695840954780578613e-01
-4.366140961647033691e-01,2.605051696300506592e-01,-1.056320890784263611e-01,1.623989455401897430e-02,-1.608316898345947266e-01,-2.959705591201782227e-01,6.736589670181274414e-01
-4.363699257373809814e-01,2.076051384210586548e-01,-1.499681472778320312e-01,6.015119329094886780e-02,-8.871117979288101196e-02,-2.936657965183258057e-01,6.762685775756835938e-01
-4.311852753162384033e-01,1.637166738510131836e-01,-1.808372288942337036e-01,9.425288438796997070e-02,-3.554075211286544800e-02,-2.961769998073577881e-01,6.748183965682983398e-01
-4.267774224281311035e-01,1.272163689136505127e-01,-2.153209298849105835e-01,1.278687864542007446e-01,1.501421723514795303e-02,-2.974292039871215820e-01,6.715462803840637207e-01
-4.269622266292572021e-01,9.886720031499862671e-02,-2.439344227313995361e-01,1.586272716522216797e-01,6.246527284383773804e-02,-3.043955266475677490e-01,6.692492961883544922e-01
-4.268989562988281250e-01,9.143820405006408691e-02,-2.489658445119857788e-01,1.664819568395614624e-01,1.008772179484367371e-01,-3.198210895061492920e-01,6.670358777046203613e-01
-4.221951067447662354e-01,9.563858062028884888e-02,-2.486565709114074707e-01,1.603992283344268799e-01,1.355491578578948975e-01,-3.222594857215881348e-01,6.609481573104858398e-01
-4.164746999740600586e-01,1.000076010823249817e-01,-2.577679455280303955e-01,1.536156237125396729e-01,1.691721975803375244e-01,-3.067959547042846680e-01,6.574098467826843262e-01
-4.104731678962707520e-01,1.038841158151626587e-01,-2.661792635917663574e-01,1.489404886960983276e-01,1.911324411630630493e-01,-2.910224199295043945e-01,6.566026210784912109e-01
-4.058835506439208984e-01,1.069893911480903625e-01,-2.746705710887908936e-01,1.523351073265075684e-01,1.971204727888107300e-01,-2.836749255657196045e-01,6.586240530014038086e-01
-4.056259393692016602e-01,1.109914854168891907e-01,-2.854517102241516113e-01,1.664783656597137451e-01,1.904136389493942261e-01,-2.854624986648559570e-01,6.604433655738830566e-01
-4.078944623470306396e-01,1.228725314140319824e-01,-2.902058362960815430e-01,1.761546730995178223e-01,1.801828593015670776e-01,-2.962264716625213623e-01,6.584236621856689453e-01
-4.011265933513641357e-01,1.310898661613464355e-01,-2.858131229877471924e-01,1.975978612899780273e-01,1.862902939319610596e-01,-3.143906891345977783e-01,6.517696380615234375e-01
-4.000035822391510010e-01,1.369903534650802612e-01,-2.825172543525695801e-01,2.188639342784881592e-01,1.948066204786300659e-01,-3.257698118686676025e-01,6.440528631210327148e-01
-4.083581566810607910e-01,1.269558370113372803e-01,-2.857775688171386719e-01,2.443253695964813232e-01,1.959620565176010132e-01,-3.235395252704620361e-01,6.513382196426391602e-01
-4.082959890365600586e-01,9.723673760890960693e-02,-2.936893403530120850e-01,2.755872309207916260e-01,1.971494257450103760e-01,-3.190772235393524170e-01,6.647604703903198242e-01
-4.011888206005096436e-01,6.402017176151275635e-02,-2.957262694835662842e-01,3.070773482322692871e-01,1.946926414966583252e-01,-3.217882513999938965e-01,6.713504195213317871e-01
-3.966624140739440918e-01,4.103840515017509460e-02,-2.907343506813049316e-01,3.373199105262756348e-01,1.826477795839309692e-01,-3.291316628456115723e-01,6.703819632530212402e-01
-3.992669284343719482e-01,2.344192564487457275e-02,-2.831550240516662598e-01,3.707292079925537109e-01,1.725579649209976196e-01,-3.411391675472259521e-01,6.563356518745422363e-01
-4.045297503471374512e-01,2.000625431537628174e-02,-2.696803510189056396e-01,4.050159156322479248e-01,1.589096486568450928e-01,-3.559585511684417725e-01,6.190476417541503906e-01
-4.066758453845977783e-01,5.504775047302246094e-02,-2.635407447814941406e-01,4.391661286354064941e-01,7.447458803653717041e-02,-3.785827159881591797e-01,5.165554285049438477e-01
-4.062357544898986816e-01,1.000964045524597168e-01,-2.788865864276885986e-01,4.718157052993774414e-01,-5.408358946442604065e-02,-3.863994777202606201e-01,3.258094787597656250e-01
-4.074503779411315918e-01,1.195116043090820312e-01,-2.914555072784423828e-01,4.793590903282165527e-01,-1.156693175435066223e-01,-3.633238971233367920e-01,1.429541856050491333e-01
-4.102551937103271484e-01,1.414233446121215820e-01,-2.970739305019378662e-01,4.773097038269042969e-01,-1.536474674940109253e-01,-3.281457722187042236e-01,-5.473789758980274200e-03
-4.168155789375305176e-01,1.767314672470092773e-01,-2.990094423294067383e-01,4.754373729228973389e-01,-1.972127854824066162e-01,-2.905464470386505127e-01,-1.129347905516624451e-01
-4.227066934108734131e-01,2.107524126768112183e-01,-3.065738379955291748e-01,4.736072421073913574e-01,-2.398842722177505493e-01,-2.434196174144744873e-01,-1.798979341983795166e-01
-4.232643544673919678e-01,2.311279922723770142e-01,-3.148125708103179932e-01,4.742667376995086670e-01,-2.601431608200073242e-01,-2.108838558197021484e-01,-2.115067988634109497e-01
-4.184024631977081299e-01,2.486243695020675659e-01,-3.156999647617340088e-01,4.757977724075317383e-01,-2.518946528434753418e-01,-2.144269496202468872e-01,-2.211724072694778442e-01
-4.156210124492645264e-01,2.702405750751495361e-01,-3.158807456493377686e-01,4.733378589153289795e-01,-2.482648193836212158e-01,-2.259646207094192505e-01,-2.385431677103042603e-01
-4.175328612327575684e-01,2.993421852588653564e-01,-3.134444057941436768e-01,4.622696638107299805e-01,-2.632946968078613281e-01,-2.247582674026489258e-01,-2.585453391075134277e-01
-4.202174246311187744e-01,3.435983061790466309e-01,-3.082094192504882812e-01,4.355037510395050049e-01,-2.898530960083007812e-01,-1.992766410112380981e-01,-2.758804857730865479e-01
-4.272847771644592285e-01,3.848447799682617188e-01,-3.117681741714477539e-01,4.087382555007934570e-01,-3.096592724323272705e-01,-1.813560426235198975e-01,-2.709757685661315918e-01
-4.363984763622283936e-01,4.219108819961547852e-01,-3.268176913261413574e-01,3.919523954391479492e-01,-3.163013458251953125e-01,-1.763704419136047363e-01,-2.506874799728393555e-01
-4.386708438396453857e-01,4.685318768024444580e-01,-3.383586108684539795e-01,3.759272992610931396e-01,-3.228397667407989502e-01,-1.514795571565628052e-01,-2.535057067871093750e-01
-4.318665266036987305e-01,5.027427077293395996e-01,-3.372604548931121826e-01,3.597416877746582031e-01,-3.342422246932983398e-01,-9.094919264316558838e-02,-2.700331509113311768e-01
-4.263077080249786377e-01,5.296387672424316406e-01,-3.269805014133453369e-01,3.397141396999359131e-01,-3.685981929302215576e-01,-7.494890596717596054e-03,-2.836052775382995605e-01
-4.261946380138397217e-01,5.727291703224182129e-01,-3.242731094360351562e-01,3.018486201763153076e-01,-4.318225383758544922e-01,7.920268177986145020e-02,-2.755305767059326172e-01
-4.309133589267730713e-01,6.177322268486022949e-01,-3.218497633934020996e-01,2.681728303432464600e-01,-4.833428263664245605e-01,1.091609895229339600e-01,-2.551062703132629395e-01
-4.310606122016906738e-01,6.583053469657897949e-01,-3.206266462802886963e-01,2.214225530624389648e-01,-5.191563367843627930e-01,1.246354207396507263e-01,-2.404763847589492798e-01
-4.206181764602661133e-01,6.989037990570068359e-01,-3.280454874038696289e-01,1.451128870248794556e-01,-5.477226376533508301e-01,1.751794815063476562e-01,-2.332565784454345703e-01
-4.177549481391906738e-01,7.329351902008056641e-01,-3.325992822647094727e-01,8.062984794378280640e-02,-5.628822445869445801e-01,1.950553506612777710e-01,-2.246697247028350830e-01
-4.178624451160430908e-01,7.570249438285827637e-01,-3.359409272670745850e-01,3.932903707027435303e-02,-5.627471804618835449e-01,1.718349903821945190e-01,-2.289274781942367554e-01
-4.158639311790466309e-01,7.755164504051208496e-01,-3.280057013034820557e-01,1.034462079405784607e-02,-5.536063909530639648e-01,1.366440206766128540e-01,-2.389786839485168457e-01
-4.084877669811248779e-01,7.855935096740722656e-01,-3.233467936515808105e-01,-8.631115779280662537e-03,-5.311372280120849609e-01,1.141629591584205627e-01,-2.544092535972595215e-01
-4.048227071762084961e-01,7.930777072906494141e-01,-3.248333632946014404e-01,-1.031888741999864578e-02,-5.133756399154663086e-01,1.070569828152656555e-01,-2.615270614624023438e-01
-4.055259823799133301e-01,7.991728186607360840e-01,-3.268500566482543945e-01,8.038076572120189667e-03,-5.155816674232482910e-01,1.047386825084686279e-01,-2.567876875400543213e-01
-4.113664925098419189e-01,8.073071241378784180e-01,-3.202159106731414795e-01,2.222428657114505768e-02,-5.344543457031250000e-01,1.050502881407737732e-01,-2.478180527687072754e-01
-4.148378074169158936e-01,8.137879371643066406e-01,-3.134605288505554199e-01,2.266102097928524017e-02,-5.500923991203308105e-01,1.034242659807205200e-01,-2.518345117568969727e-01
-4.198725819587707520e-01,8.201917409896850586e-01,-3.034033477306365967e-01,5.618198309093713760e-03,-5.566385984420776367e-01,9.866470098495483398e-02,-2.713502645492553711e-01
-4.235846400260925293e-01,8.240921497344970703e-01,-2.951402962207794189e-01,-1.200263015925884247e-02,-5.523225069046020508e-01,9.398537129163742065e-02,-2.934737503528594971e-01
-4.133212864398956299e-01,8.129891157150268555e-01,-2.963451743125915527e-01,7.728187367320060730e-03,-5.359283685684204102e-01,7.375408709049224854e-02,-2.965689599514007568e-01
-4.057808518409729004e-01,7.928227782249450684e-01,-2.975915372371673584e-01,4.611053317785263062e-02,-5.313447713851928711e-01,6.685367971658706665e-02,-2.653728425502777100e-01
-3.821733891963958740e-01,7.581233382225036621e-01,-2.885191738605499268e-01,7.482731342315673828e-02,-5.319187641143798828e-01,6.999421119689941406e-02,-2.570895850658416748e-01
-3.451374471187591553e-01,6.939778327941894531e-01,-2.668204307556152344e-01,8.794149756431579590e-02,-5.254909992218017578e-01,7.044707238674163818e-02,-2.877829074859619141e-01
-3.236836493015289307e-01,5.890297293663024902e-01,-2.521217167377471924e-01,8.884741365909576416e-02,-5.068737864494323730e-01,7.315570116043090820e-02,-2.894367277622222900e-01
-2.984295785427093506e-01,4.763455688953399658e-01,-2.516471743583679199e-01,7.691571116447448730e-02,-4.742619991302490234e-01,7.043842226266860962e-02,-2.907855510711669922e-01
-2.806420326232910156e-01,3.841983973979949951e-01,-2.481814473867416382e-01,4.359278082847595215e-02,-4.368627369403839111e-01,6.156712397933006287e-02,-2.721602320671081543e-01
-2.954575121402740479e-01,3.157591819763183594e-01,-2.342077046632766724e-01,-1.395403128117322922e-02,-4.141763150691986084e-01,5.139209330081939697e-02,-1.495723128318786621e-01
-3.012610077857971191e-01,2.431915998458862305e-01,-2.522379457950592041e-01,-9.509196504950523376e-03,-3.910948932170867920e-01,6.658817082643508911e-02,1.272354926913976669e-02
-2.970226407051086426e-01,2.011572271585464478e-01,-2.553107440471649170e-01,7.788442540913820267e-03,-3.701632022857666016e-01,6.074622273445129395e-02,1.311441510915756226e-01
-2.837155461311340332e-01,1.890979111194610596e-01,-2.625996470451354980e-01,-4.605124704539775848e-04,-3.568689823150634766e-01,6.941755861043930054e-02,1.645976752042770386e-01
-2.760099768638610840e-01,2.030418515205383301e-01,-2.653626501560211182e-01,-1.161772292107343674e-02,-3.555269539356231689e-01,7.951684296131134033e-02,1.654315590858459473e-01
-2.847438752651214600e-01,2.215744256973266602e-01,-2.608036398887634277e-01,-1.224197540432214737e-02,-3.576843738555908203e-01,8.710840344429016113e-02,1.816165745258331299e-01
-2.959369719028472900e-01,2.260285317897796631e-01,-2.574967443943023682e-01,-1.118621230125427246e-02,-3.542629778385162354e-01,9.014990925788879395e-02,2.051359266042709351e-01
-3.018524646759033203e-01,2.230428308248519897e-01,-2.534081935882568359e-01,-1.447328086942434311e-02,-3.476500809192657471e-01,8.744480460882186890e-02,2.236540466547012329e-01
-3.025632798671722412e-01,2.214522212743759155e-01,-2.483853548765182495e-01,-1.946440152823925018e-02,-3.418176472187042236e-01,8.298008888959884644e-02,2.310714125633239746e-01
-2.996906936168670654e-01,2.228874415159225464e-01,-2.447349429130554199e-01,-2.178602665662765503e-02,-3.383140563964843750e-01,8.080473542213439941e-02,2.278738617897033691e-01
-2.959585189819335938e-01,2.250537872314453125e-01,-2.434834539890289307e-01,-2.112061344087123871e-02,-3.377995789051055908e-01,8.179981261491775513e-02,2.205841988325119019e-01
-2.929156422615051270e-01,2.261722087860107422e-01,-2.437558025121688843e-01,-1.940779387950897217e-02,-3.387704193592071533e-01,8.448915183544158936e-02,2.152640819549560547e-01
-2.912915050983428955e-01,2.255578786134719849e-01,-2.448022067546844482e-01,-1.861042901873588562e-02,-3.398448824882507324e-01,8.700980991125106812e-02,2.135644108057022095e-01
-2.905110120773315430e-01,2.238216251134872437e-01,-2.460624426603317261e-01,-1.903212070465087891e-02,-3.402567505836486816e-01,8.904559165239334106e-02,2.145329415798187256e-01
-2.893812656402587891e-01,2.223395109176635742e-01,-2.475400567054748535e-01,-1.914647780358791351e-02,-3.405808210372924805e-01,9.051209688186645508e-02,2.160254716873168945e-01
-2.880246341228485107e-01,2.209681570529937744e-01,-2.491400539875030518e-01,-1.915317215025424957e-02,-3.412275016307830811e-01,9.155491739511489868e-02,2.168342769145965576e-01
-2.867386937141418457e-01,2.200262546539306641e-01,-2.505879998207092285e-01,-1.961803250014781952e-02,-3.424620032310485840e-01,9.194900840520858765e-02,2.163973152637481689e-01
-2.857024073600769043e-01,2.199665009975433350e-01,-2.514992058277130127e-01,-2.016909234225749969e-02,-3.441217541694641113e-01,9.165136516094207764e-02,2.158235311508178711e-01
-2.849300801753997803e-01,2.205066680908203125e-01,-2.518807947635650635e-01,-2.095122821629047394e-02,-3.456594049930572510e-01,9.106277674436569214e-02,2.153816521167755127e-01
-2.843715846538543701e-01,2.214185595512390137e-01,-2.517740428447723389e-01,-2.198827825486660004e-02,-3.468014895915985107e-01,9.060506522655487061e-02,2.151033133268356323e-01
-2.840326726436614990e-01,2.225472182035446167e-01,-2.512969076633453369e-01,-2.324600517749786377e-02,-3.475730717182159424e-01,9.053604304790496826e-02,2.150679826736450195e-01
-2.839409112930297852e-01,2.237757146358489990e-01,-2.505724430084228516e-01,-2.465782500803470612e-02,-3.481286466121673584e-01,9.083470702171325684e-02,2.154191434383392334e-01
-2.840865552425384521e-01,2.249952852725982666e-01,-2.496995329856872559e-01,-2.612691558897495270e-02,-3.485916554927825928e-01,9.133065491914749146e-02,2.162116020917892456e-01
-2.844048440456390381e-01,2.261067926883697510e-01,-2.487532049417495728e-01,-2.753411605954170227e-02,-3.489969968795776367e-01,9.188428521156311035e-02,2.173258066177368164e-01
-2.848066687583923340e-01,2.270325422286987305e-01,-2.477963417768478394e-01,-2.876815386116504669e-02,-3.493089675903320312e-01,9.246005117893218994e-02,2.185315787792205811e-01
-2.852224707603454590e-01,2.277296930551528931e-01,-2.468835562467575073e-01,-2.975667826831340790e-02,-3.494682908058166504e-01,9.307675063610076904e-02,2.196204215288162231e-01
-2.856267690658569336e-01,2.282005846500396729e-01,-2.460579574108123779e-01,-3.047650493681430817e-02,-3.494338095188140869e-01,9.372420608997344971e-02,2.204878330230712891e-01
-2.860350012779235840e-01,2.284939736127853394e-01,-2.453475743532180786e-01,-3.093991801142692566e-02,-3.492058813571929932e-01,9.432964026927947998e-02,2.211282849311828613e-01
-2.864823937416076660e-01,2.286916226148605347e-01,-2.447658777236938477e-01,-3.117370791733264923e-02,-3.488299548625946045e-01,9.478903561830520630e-02,2.215793579816818237e-01
-2.869975864887237549e-01,2.288811057806015015e-01,-2.443159520626068115e-01,-3.120530955493450165e-02,-3.483835160732269287e-01,9.502310305833816528e-02,2.218707799911499023e-01
-2.875842750072479248e-01,2.291243523359298706e-01,-2.439951300621032715e-01,-3.106175176799297333e-02,-3.479519486427307129e-01,9.501443803310394287e-02,2.220053672790527344e-01
-2.882170379161834717e-01,2.294375002384185791e-01,-2.437977492809295654e-01,-3.077503293752670288e-02,-3.476054072380065918e-01,9.480760991573333740e-02,2.219704836606979370e-01
-2.888501882553100586e-01,2.297912389039993286e-01,-2.437145859003067017e-01,-3.038628771901130676e-02,-3.473860025405883789e-01,9.448097646236419678e-02,2.217608243227005005e-01
-2.894343733787536621e-01,2.301304936408996582e-01,-2.437300533056259155e-01,-2.994541451334953308e-02,-3.473093509674072266e-01,9.411258995532989502e-02,2.213951498270034790e-01
-2.899309098720550537e-01,2.303992509841918945e-01,-2.438213378190994263e-01,-2.950436063110828400e-02,-3.473710119724273682e-01,9.375688433647155762e-02,2.209196835756301880e-01
