-4.344706535339355469e-01,3.706485331058502197e-01,-6.370451766997575760e-03,-7.453908026218414307e-02,-2.878088951110839844e-01,-2.582446634769439697e-01,6.679556965827941895e-01
-4.151762723922729492e-01,3.514621853828430176e-01,4.059024155139923096e-03,-8.295829594135284424e-02,-2.829256057739257812e-01,-2.466152459383010864e-01,6.386571526527404785e-01
-4.397115111351013184e-01,3.674598038196563721e-01,-1.263759844005107880e-02,-6.065245717763900757e-02,-3.014004230499267578e-01,-2.643255293369293213e-01,6.606469750404357910e-01
-4.417009055614471436e-01,3.601436316967010498e-01,-9.768052957952022552e-03,-7.337041944265365601e-02,-3.004309535026550293e-01,-2.546282112598419189e-01,6.728873252868652344e-01
-4.356679916381835938e-01,3.579038679599761963e-01,-4.418174736201763153e-03,-7.006891816854476929e-02,-3.000880777835845947e-01,-2.465301603078842163e-01,6.751396059989929199e-01
-4.320389330387115479e-01,3.578961789608001709e-01,-1.985594863072037697e-03,-6.193913519382476807e-02,-3.026564717292785645e-01,-2.420449107885360718e-01,6.675197482109069824e-01
-4.319211244583129883e-01,3.582388758659362793e-01,-1.709237345494329929e-03,-5.577059090137481689e-02,-3.060580790042877197e-01,-2.409842908382415771e-01,6.567978262901306152e-01
-4.339458048343658447e-01,3.581161797046661377e-01,-2.532933838665485382e-03,-5.486654490232467651e-02,-3.078568577766418457e-01,-2.436304092407226562e-01,6.498601436614990234e-01
-4.361152946949005127e-01,3.575100898742675781e-01,-4.504485987126827240e-03,-5.806972458958625793e-02,-3.074048161506652832e-01,-2.486269921064376831e-01,6.497710347175598145e-01
-4.373145997524261475e-01,3.573314249515533447e-01,-7.362169213593006134e-03,-6.288989633321762085e-02,-3.065222203731536865e-01,-2.541854679584503174e-01,6.549555063247680664e-01
-4.373296201229095459e-01,3.576951920986175537e-01,-9.953060187399387360e-03,-6.722164154052734375e-02,-3.059867322444915771e-01,-2.593266367912292480e-01,6.613982915878295898e-01
-4.365757107734680176e-01,3.588315844535827637e-01,-1.055038440972566605e-02,-6.995963305234909058e-02,-3.056914508342742920e-01,-2.628153860569000244e-01,6.658333539962768555e-01
-4.357402324676513672e-01,3.606395125389099121e-01,-8.849646896123886108e-03,-7.110298424959182739e-02,-3.055522441864013672e-01,-2.641052305698394775e-01,6.674427986145019531e-01
-4.353833794593811035e-01,3.636744618415832520e-01,-5.562689621001482010e-03,-7.176169008016586304e-02,-3.069859147071838379e-01,-2.632268071174621582e-01,6.676822900772094727e-01
-4.355039894580841064e-01,3.680310547351837158e-01,-1.867460669018328190e-03,-7.273872941732406616e-02,-3.108483254909515381e-01,-2.610307037830352783e-01,6.684764027595520020e-01
-4.357628226280212402e-01,3.730141222476959229e-01,1.137412153184413910e-03,-7.406131923198699951e-02,-3.164700567722320557e-01,-2.590563595294952393e-01,6.708477139472961426e-01
-4.359244108200073242e-01,3.771351873874664307e-01,2.497958252206444740e-03,-7.640861719846725464e-02,-3.213496804237365723e-01,-2.581157386302947998e-01,6.741656064987182617e-01
-4.359076917171478271e-01,3.794808983802795410e-01,2.212332794442772865e-03,-7.941914349794387817e-02,-3.238144814968109131e-01,-2.578476965427398682e-01,6.770308017730712891e-01
-4.358532130718231201e-01,3.796923756599426270e-01,6.619550986215472221e-04,-8.211406320333480835e-02,-3.237887024879455566e-01,-2.570063769817352295e-01,6.783694624900817871e-01
-4.357355833053588867e-01,3.774919509887695312e-01,-1.756751560606062412e-03,-8.250510692596435547e-02,-3.216290473937988281e-01,-2.554495632648468018e-01,6.781112551689147949e-01
-4.354515373706817627e-01,3.735061883926391602e-01,-4.720665980130434036e-03,-7.985769212245941162e-02,-3.183110058307647705e-01,-2.536417543888092041e-01,6.766555905342102051e-01
-4.349282979965209961e-01,3.691385388374328613e-01,-7.652884814888238907e-03,-7.492192089557647705e-02,-3.149430453777313232e-01,-2.520917952060699463e-01,6.746485829353332520e-01
-4.343522489070892334e-01,3.650052249431610107e-01,-1.106329914182424545e-02,-6.939070671796798706e-02,-3.116498291492462158e-01,-2.510011196136474609e-01,6.723580360412597656e-01
-4.339187145233154297e-01,3.609729111194610596e-01,-1.576081290841102600e-02,-6.420806795358657837e-02,-3.072945177555084229e-01,-2.508332431316375732e-01,6.701992154121398926e-01
-4.337882101535797119e-01,3.542269170284271240e-01,-2.396513894200325012e-02,-5.882885307073593140e-02,-2.983621358871459961e-01,-2.529079020023345947e-01,6.687799692153930664e-01
-4.341577887535095215e-01,3.401317298412322998e-01,-3.867331147193908691e-02,-5.036254599690437317e-02,-2.789215445518493652e-01,-2.581738233566284180e-01,6.689552068710327148e-01
-4.349117875099182129e-01,3.129873573780059814e-01,-6.387540698051452637e-02,-3.252095356583595276e-02,-2.420786917209625244e-01,-2.653187513351440430e-01,6.699445247650146484e-01
-4.356294572353363037e-01,2.699223160743713379e-01,-1.003669202327728271e-01,5.133450031280517578e-05,-1.838077604770660400e-01,-2.716599404811859131e-01,6.696371436119079590e-01
-4.356161057949066162e-01,2.220794260501861572e-01,-1.386397927999496460e-01,3.740331903100013733e-02,-1.134345158934593201e-01,-2.778503596782684326e-01,6.686637401580810547e-01
-4.323470890522003174e-01,1.808745115995407104e-01,-1.709455996751785278e-01,7.177896797657012939e-02,-4.785194993019104004e-02,-2.818638086318969727e-01,6.676121950149536133e-01
-4.266604483127593994e-01,1.498821824789047241e-01,-1.957046985626220703e-01,1.012729257345199585e-01,3.084586467593908310e-03,-2.840627431869506836e-01,6.672033667564392090e-01
-4.205980300903320312e-01,1.287813186645507812e-01,-2.121851593255996704e-01,1.241895630955696106e-01,4.093600437045097351e-02,-2.857557237148284912e-01,6.679494380950927734e-01
-4.148549139499664307e-01,1.158913224935531616e-01,-2.213568538427352905e-01,1.428661495447158813e-01,7.443172484636306763e-02,-2.870303094387054443e-01,6.681278944015502930e-01
-4.125099182128906250e-01,1.103786528110504150e-01,-2.261681407690048218e-01,1.611541956663131714e-01,1.072125881910324097e-01,-2.913650274276733398e-01,6.666702032089233398e-01
-4.131925404071807861e-01,1.146934330463409424e-01,-2.290526926517486572e-01,1.747629344463348389e-01,1.330170333385467529e-01,-2.881181240081787109e-01,6.652128100395202637e-01
-4.169187545776367188e-01,1.355635821819305420e-01,-2.332726866006851196e-01,1.822580546140670776e-01,1.430080085992813110e-01,-2.796264886856079102e-01,6.697059869766235352e-01
-4.207596480846405029e-01,1.592174172401428223e-01,-2.396682947874069214e-01,1.899903118610382080e-01,1.441352963447570801e-01,-2.711917459964752197e-01,6.761884093284606934e-01
-4.250231087207794189e-01,1.722453385591506958e-01,-2.396116405725479126e-01,2.012741863727569580e-01,1.426227092742919922e-01,-2.652806341648101807e-01,6.783828139305114746e-01
-4.316401183605194092e-01,1.720059663057327271e-01,-2.327026426792144775e-01,2.159681320190429688e-01,1.366344243288040161e-01,-2.624151706695556641e-01,6.766315102577209473e-01
-4.381394088268280029e-01,1.683276742696762085e-01,-2.281445115804672241e-01,2.260113358497619629e-01,1.223829835653305054e-01,-2.551695406436920166e-01,6.722496151924133301e-01
-4.363953471183776855e-01,1.689813137054443359e-01,-2.248540669679641724e-01,2.308182120323181152e-01,1.165304929018020630e-01,-2.356115430593490601e-01,6.686764359474182129e-01
-4.367378950119018555e-01,1.768314242362976074e-01,-2.211779654026031494e-01,2.308118641376495361e-01,1.197940632700920105e-01,-2.211345136165618896e-01,6.718880534172058105e-01
-4.440790712833404541e-01,1.865533292293548584e-01,-2.172473818063735962e-01,2.301815301179885864e-01,1.169149354100227356e-01,-2.226967215538024902e-01,6.801511049270629883e-01
-4.498149156570434570e-01,1.861670017242431641e-01,-2.149355858564376831e-01,2.306197285652160645e-01,1.055274158716201782e-01,-2.268401384353637695e-01,6.815472841262817383e-01
-4.502897262573242188e-01,1.711286008358001709e-01,-2.164045125246047974e-01,2.334636449813842773e-01,9.125928580760955811e-02,-2.228116840124130249e-01,6.788618564605712891e-01
-4.470378756523132324e-01,1.553633064031600952e-01,-2.187442481517791748e-01,2.432721853256225586e-01,7.447330653667449951e-02,-2.204391956329345703e-01,6.762467622756958008e-01
-4.427280426025390625e-01,1.504416912794113159e-01,-2.192010581493377686e-01,2.597850859165191650e-01,5.963502079248428345e-02,-2.269076704978942871e-01,6.676614284515380859e-01
-4.413508772850036621e-01,1.541640609502792358e-01,-2.165453433990478516e-01,2.790053486824035645e-01,4.664704203605651855e-02,-2.409552037715911865e-01,6.488460302352905273e-01
-4.445857405662536621e-01,1.587420850992202759e-01,-2.108605653047561646e-01,2.996177673339843750e-01,3.414741903543472290e-02,-2.583831548690795898e-01,6.190618276596069336e-01
-4.469561278820037842e-01,1.603299975395202637e-01,-2.056941688060760498e-01,3.254192173480987549e-01,1.754301972687244415e-02,-2.692097425460815430e-01,5.746881961822509766e-01
-4.487766027450561523e-01,1.677008718252182007e-01,-2.056631296873092651e-01,3.532467186450958252e-01,-2.306659333407878876e-02,-2.662031650543212891e-01,5.046603083610534668e-01
-4.530400633811950684e-01,1.894719302654266357e-01,-2.073290199041366577e-01,3.753441572189331055e-01,-9.192756563425064087e-02,-2.497978657484054565e-01,4.080018103122711182e-01
-4.550488293170928955e-01,2.050040215253829956e-01,-2.108387053012847900e-01,3.885672390460968018e-01,-1.406232267618179321e-01,-2.419267892837524414e-01,3.168216943740844727e-01
-4.587898552417755127e-01,2.193505465984344482e-01,-2.046868205070495605e-01,4.011952280998229980e-01,-1.728385388851165771e-01,-2.513368129730224609e-01,2.548460960388183594e-01
-4.602920413017272949e-01,2.267479151487350464e-01,-1.985275596380233765e-01,4.151215851306915283e-01,-1.999017596244812012e-01,-2.628888487815856934e-01,2.056980878114700317e-01
-4.568125307559967041e-01,2.267002314329147339e-01,-2.000586241483688354e-01,4.318822920322418213e-01,-2.229316532611846924e-01,-2.692851722240447998e-01,1.694782376289367676e-01
-4.501959681510925293e-01,2.291507124900817871e-01,-2.073926180601119995e-01,4.497644007205963135e-01,-2.367537021636962891e-01,-2.686859667301177979e-01,1.467782407999038696e-01
-4.452289342880249023e-01,2.439185827970504761e-01,-2.136572897434234619e-01,4.621572196483612061e-01,-2.434757500886917114e-01,-2.630702555179595947e-01,1.229980289936065674e-01
-4.436237215995788574e-01,2.610006034374237061e-01,-2.222821265459060669e-01,4.700029790401458740e-01,-2.519149780273437500e-01,-2.524955570697784424e-01,8.890518546104431152e-02
-4.487257301807403564e-01,2.892877161502838135e-01,-2.293427735567092896e-01,4.682015478610992432e-01,-2.708902657032012939e-01,-2.376290261745452881e-01,4.601077362895011902e-02
-4.564812183380126953e-01,3.370353281497955322e-01,-2.393762618303298950e-01,4.576540291309356689e-01,-3.017199337482452393e-01,-2.152939885854721069e-01,-6.073098047636449337e-04
-4.584923982620239258e-01,3.874745368957519531e-01,-2.505433559417724609e-01,4.483431875705718994e-01,-3.278812170028686523e-01,-1.839685589075088501e-01,-4.346301034092903137e-02
-4.584386348724365234e-01,4.262812137603759766e-01,-2.614648342132568359e-01,4.427329599857330322e-01,-3.329527676105499268e-01,-1.483299583196640015e-01,-7.900700718164443970e-02
-4.586901664733886719e-01,4.541698694229125977e-01,-2.717095613479614258e-01,4.317708611488342285e-01,-3.276090323925018311e-01,-1.099356338381767273e-01,-9.935524314641952515e-02
-4.520177841186523438e-01,4.765282273292541504e-01,-2.744399905204772949e-01,4.159606397151947021e-01,-3.391606211662292480e-01,-5.922880396246910095e-02,-9.271418303251266479e-02
-4.503752887248992920e-01,5.076683759689331055e-01,-2.719725072383880615e-01,3.936870098114013672e-01,-3.891979157924652100e-01,5.060543771833181381e-03,-8.165580034255981445e-02
-4.515892565250396729e-01,5.460215806961059570e-01,-2.689835727214813232e-01,3.653779029846191406e-01,-4.640301465988159180e-01,7.939741015434265137e-02,-7.933307439088821411e-02
-4.514774382114410400e-01,5.941851735115051270e-01,-2.666196227073669434e-01,3.286750614643096924e-01,-5.257470607757568359e-01,1.305243968963623047e-01,-7.600596547126770020e-02
-4.519538581371307373e-01,6.565852165222167969e-01,-2.726106345653533936e-01,2.717585265636444092e-01,-5.621758699417114258e-01,1.477524489164352417e-01,-7.066695392131805420e-02
-4.486948847770690918e-01,7.077590823173522949e-01,-2.842375338077545166e-01,2.125194668769836426e-01,-5.761904716491699219e-01,1.533321291208267212e-01,-6.586088240146636963e-02
-4.411813616752624512e-01,7.403360605239868164e-01,-2.898897826671600342e-01,1.633380651473999023e-01,-5.809376835823059082e-01,1.649760752916336060e-01,-6.030042096972465515e-02
-4.328909218311309814e-01,7.624049186706542969e-01,-2.866152226924896240e-01,1.191679239273071289e-01,-5.848805904388427734e-01,1.754554659128189087e-01,-5.618840828537940979e-02
-4.238813817501068115e-01,7.718635797500610352e-01,-2.855418622493743896e-01,8.623332530260086060e-02,-5.847896933555603027e-01,1.775109618902206421e-01,-6.256572157144546509e-02
-4.205500781536102295e-01,7.726477384567260742e-01,-2.850224077701568604e-01,6.655073910951614380e-02,-5.852702856063842773e-01,1.668244302272796631e-01,-7.669507712125778198e-02
-4.204533100128173828e-01,7.747783660888671875e-01,-2.851481735706329346e-01,5.720093473792076111e-02,-5.909948945045471191e-01,1.529541462659835815e-01,-8.253495395183563232e-02
-4.179162383079528809e-01,7.838646173477172852e-01,-2.886122763156890869e-01,5.282310768961906433e-02,-5.981395244598388672e-01,1.408857703208923340e-01,-7.830369472503662109e-02
-4.135101139545440674e-01,7.942514419555664062e-01,-2.920742630958557129e-01,4.990347474813461304e-02,-6.022939085960388184e-01,1.335338354110717773e-01,-6.842280179262161255e-02
-4.060931503772735596e-01,7.961999773979187012e-01,-2.930047810077667236e-01,6.032202020287513733e-02,-6.024968028068542480e-01,1.405505836009979248e-01,-6.047716736793518066e-02
-3.986320793628692627e-01,7.907750010490417480e-01,-2.927230596542358398e-01,9.837859869003295898e-02,-6.049812436103820801e-01,1.491294801235198975e-01,-5.973734706640243530e-02
-3.886208832263946533e-01,7.734865546226501465e-01,-2.982749938964843750e-01,1.533486992120742798e-01,-6.043821573257446289e-01,1.500057876110076904e-01,-7.474821805953979492e-02
-3.741488754749298096e-01,7.338623404502868652e-01,-2.977073192596435547e-01,2.044405490159988403e-01,-6.003511548042297363e-01,1.592645198106765747e-01,-9.886952489614486694e-02
-3.482100963592529297e-01,6.583768129348754883e-01,-2.827231585979461670e-01,2.429294586181640625e-01,-5.963376760482788086e-01,1.698789298534393311e-01,-1.205570697784423828e-01
-3.248003423213958740e-01,5.425072908401489258e-01,-2.567369937896728516e-01,2.580360770225524902e-01,-5.735897421836853027e-01,1.765470504760742188e-01,-1.373652666807174683e-01
-3.108415007591247559e-01,3.886614441871643066e-01,-2.383635044097900391e-01,2.366494387388229370e-01,-4.975441396236419678e-01,1.668606698513031006e-01,-1.393395662307739258e-01
-3.108107447624206543e-01,2.504946589469909668e-01,-2.269048541784286499e-01,1.969131082296371460e-01,-4.045108258724212646e-01,1.534617841243743896e-01,-1.041889488697052002e-01
-3.034958243370056152e-01,1.828820407390594482e-01,-2.309337556362152100e-01,1.481335163116455078e-01,-3.358286619186401367e-01,1.623867154121398926e-01,-5.288232117891311646e-02
-3.014471828937530518e-01,1.617175787687301636e-01,-2.349160611629486084e-01,9.359372407197952271e-02,-2.974630892276763916e-01,1.697552800178527832e-01,1.104779075831174850e-02
-2.986699640750885010e-01,1.631937772035598755e-01,-2.384669184684753418e-01,5.656822770833969116e-02,-2.845076024532318115e-01,1.704103350639343262e-01,7.355959713459014893e-02
-3.019560873508453369e-01,1.625234633684158325e-01,-2.396418005228042603e-01,4.162115976214408875e-02,-2.814195752143859863e-01,1.671533733606338501e-01,1.229139640927314758e-01
-3.064569830894470215e-01,1.660062670707702637e-01,-2.416293025016784668e-01,3.754032030701637268e-02,-2.857713103294372559e-01,1.684949994087219238e-01,1.522339880466461182e-01
-3.069674670696258545e-01,1.659277379512786865e-01,-2.465024590492248535e-01,3.906641900539398193e-02,-2.890750467777252197e-01,1.754409372806549072e-01,1.646939516067504883e-01
-3.032048940658569336e-01,1.596790850162506104e-01,-2.514506280422210693e-01,4.120035097002983093e-02,-2.882724404335021973e-01,1.827261298894882202e-01,1.673886179924011230e-01
-2.977004051208496094e-01,1.509936898946762085e-01,-2.541527152061462402e-01,4.174302890896797180e-02,-2.835060358047485352e-01,1.879850178956985474e-01,1.642495393753051758e-01
-2.929455339908599854e-01,1.412865966558456421e-01,-2.555984258651733398e-01,4.105141013860702515e-02,-2.753557860851287842e-01,1.919835358858108521e-01,1.589016169309616089e-01
-2.901301980018615723e-01,1.349834203720092773e-01,-2.562195956707000732e-01,3.890358656644821167e-02,-2.688787877559661865e-01,1.950143724679946899e-01,1.561441719532012939e-01
-2.889558672904968262e-01,1.348366886377334595e-01,-2.563310861587524414e-01,3.523405268788337708e-02,-2.676153182983398438e-01,1.965198814868927002e-01,1.577947735786437988e-01
-2.881787121295928955e-01,1.395266652107238770e-01,-2.555991709232330322e-01,3.178296610713005066e-02,-2.710034251213073730e-01,1.957115828990936279e-01,1.626268476247787476e-01
-2.873563468456268311e-01,1.441382169723510742e-01,-2.551207244396209717e-01,2.812034264206886292e-02,-2.750972211360931396e-01,1.926124542951583862e-01,1.655081659555435181e-01
-2.864166498184204102e-01,1.465687751770019531e-01,-2.545930445194244385e-01,2.483269199728965759e-02,-2.776750028133392334e-01,1.883865594863891602e-01,1.651052385568618774e-01
-2.856564819812774658e-01,1.469711810350418091e-01,-2.540053427219390869e-01,2.201639860868453979e-02,-2.786008417606353760e-01,1.850322633981704712e-01,1.625953316688537598e-01
-2.852673232555389404e-01,1.465279459953308105e-01,-2.536142766475677490e-01,1.979940384626388550e-02,-2.789397537708282471e-01,1.836148798465728760e-01,1.595839560031890869e-01
-2.852948606014251709e-01,1.463329792022705078e-01,-2.535606920719146729e-01,1.856886968016624451e-02,-2.796046435832977295e-01,1.837495416402816772e-01,1.572425514459609985e-01
-2.856477797031402588e-01,1.467664241790771484e-01,-2.537863552570343018e-01,1.865204051136970520e-02,-2.806434035301208496e-01,1.843596547842025757e-01,1.559367328882217407e-01
-2.861279547214508057e-01,1.476050466299057007e-01,-2.541126012802124023e-01,1.998501457273960114e-02,-2.815528213977813721e-01,1.846859008073806763e-01,1.553621590137481689e-01
-2.865550816059112549e-01,1.484768241643905640e-01,-2.543617188930511475e-01,2.210677973926067352e-02,-2.819801867008209229e-01,1.846556961536407471e-01,1.550118774175643921e-01
-2.868605852127075195e-01,1.491582840681076050e-01,-2.544287145137786865e-01,2.444999292492866516e-02,-2.820181250572204590e-01,1.845936179161071777e-01,1.545841246843338013e-01
-2.870743572711944580e-01,1.495856642723083496e-01,-2.542907893657684326e-01,2.662198245525360107e-02,-2.819779217243194580e-01,1.847923249006271362e-01,1.540578156709671021e-01
-2.872634232044219971e-01,1.497753411531448364e-01,-2.539750337600708008e-01,2.847230434417724609e-02,-2.820736467838287354e-01,1.853169798851013184e-01,1.535314768552780151e-01
-2.874816656112670898e-01,1.497807353734970093e-01,-2.535297572612762451e-01,3.000902198255062103e-02,-2.823340892791748047e-01,1.860598474740982056e-01,1.530630886554718018e-01
-2.877395749092102051e-01,1.496749967336654663e-01,-2.530155181884765625e-01,3.130218386650085449e-02,-2.827000617980957031e-01,1.868726462125778198e-01,1.526254564523696899e-01
-2.879981994628906250e-01,1.495170891284942627e-01,-2.524989247322082520e-01,3.242459893226623535e-02,-2.831216454505920410e-01,1.876368075609207153e-01,1.521438658237457275e-01
-2.881917655467987061e-01,1.493041068315505981e-01,-2.520354092121124268e-01,3.342564404010772705e-02,-2.835588753223419189e-01,1.882670372724533081e-01,1.515503823757171631e-01
-2.882635593414306641e-01,1.489589065313339233e-01,-2.516538798809051514e-01,3.432781249284744263e-02,-2.839395105838775635e-01,1.887015998363494873e-01,1.508183330297470093e-01
-2.881938219070434570e-01,1.483835428953170776e-01,-2.513563334941864014e-01,3.513084352016448975e-02,-2.841620147228240967e-01,1.889143884181976318e-01,1.499726623296737671e-01
-2.880036234855651855e-01,1.475377380847930908e-01,-2.511302232742309570e-01,3.582030162215232849e-02,-2.841554284095764160e-01,1.889299005270004272e-01,1.490805596113204956e-01
-2.877386212348937988e-01,1.464783698320388794e-01,-2.509630322456359863e-01,3.637947514653205872e-02,-2.839316725730895996e-01,1.888094842433929443e-01,1.482306867837905884e-01
-2.874459922313690186e-01,1.453309804201126099e-01,-2.508491277694702148e-01,3.680361062288284302e-02,-2.835791110992431641e-01,1.886140108108520508e-01,1.475038230419158936e-01
-2.871579825878143311e-01,1.442228108644485474e-01,-2.507886886596679688e-01,3.710622340440750122e-02,-2.832064032554626465e-01,1.883729398250579834e-01,1.469497084617614746e-01
-2.868866920471191406e-01,1.432298570871353149e-01,-2.507835328578948975e-01,3.731471672654151917e-02,-2.828865647315979004e-01,1.880826503038406372e-01,1.465779393911361694e-01
-2.866288423538208008e-01,1.423655599355697632e-01,-2.508338987827301025e-01,3.746056929230690002e-02,-2.826397120952606201e-01,1.877283900976181030e-01,1.463716477155685425e-01
