-4.344870150089263916e-01,3.706379830837249756e-01,-6.639068946242332458e-03,-7.458124309778213501e-02,-2.880297601222991943e-01,-2.572629153728485107e-01,6.665787696838378906e-01
-4.150668382644653320e-01,3.500734865665435791e-01,3.667405340820550919e-03,-8.366046845912933350e-02,-2.829444706439971924e-01,-2.465241998434066772e-01,6.388729214668273926e-01
-4.402407407760620117e-01,3.691443502902984619e-01,-1.166957989335060120e-02,-6.060812249779701233e-02,-3.025259673595428467e-01,-2.652193605899810791e-01,6.609486937522888184e-01
-4.424581527709960938e-01,3.624494075775146484e-01,-8.794842287898063660e-03,-7.337518781423568726e-02,-3.019701540470123291e-01,-2.543990314006805420e-01,6.728366017341613770e-01
-4.364128708839416504e-01,3.603413999080657959e-01,-3.345742356032133102e-03,-7.066317647695541382e-02,-3.015236258506774902e-01,-2.454644292593002319e-01,6.751183867454528809e-01
-4.326010346412658691e-01,3.602800965309143066e-01,-1.058127847500145435e-03,-6.308959424495697021e-02,-3.036299347877502441e-01,-2.408901154994964600e-01,6.677458286285400391e-01
-4.325592815876007080e-01,3.608807623386383057e-01,-9.346510632894933224e-04,-5.765758827328681946e-02,-3.068771660327911377e-01,-2.405399829149246216e-01,6.573952436447143555e-01
-4.345359504222869873e-01,3.611426651477813721e-01,-1.893178210593760014e-03,-5.675400793552398682e-02,-3.083650469779968262e-01,-2.436650097370147705e-01,6.505755186080932617e-01
-4.367383718490600586e-01,3.609304130077362061e-01,-3.706478979438543320e-03,-5.987110361456871033e-02,-3.079990446567535400e-01,-2.486721128225326538e-01,6.505025029182434082e-01
-4.379909634590148926e-01,3.608702421188354492e-01,-6.342029664665460587e-03,-6.448569148778915405e-02,-3.072765469551086426e-01,-2.541036009788513184e-01,6.553257107734680176e-01
-4.380290508270263672e-01,3.618037998676300049e-01,-8.210874162614345551e-03,-6.868664920330047607e-02,-3.070425391197204590e-01,-2.589278519153594971e-01,6.616305112838745117e-01
-4.373318254947662354e-01,3.628492355346679688e-01,-8.476410061120986938e-03,-7.142255455255508423e-02,-3.067202866077423096e-01,-2.622702419757843018e-01,6.661577820777893066e-01
-4.364117383956909180e-01,3.641004562377929688e-01,-6.779986899346113205e-03,-7.270400226116180420e-02,-3.062451779842376709e-01,-2.632875740528106689e-01,6.680616736412048340e-01
-4.359039068222045898e-01,3.665878474712371826e-01,-3.698478918522596359e-03,-7.336141914129257202e-02,-3.073989748954772949e-01,-2.622840404510498047e-01,6.686388850212097168e-01
-4.358845949172973633e-01,3.699740469455718994e-01,-4.209640901535749435e-04,-7.412625104188919067e-02,-3.110342025756835938e-01,-2.600369453430175781e-01,6.696987152099609375e-01
-4.359740614891052246e-01,3.738960325717926025e-01,2.091893227770924568e-03,-7.511398196220397949e-02,-3.163778483867645264e-01,-2.581562995910644531e-01,6.720387339591979980e-01
-4.359295070171356201e-01,3.771393895149230957e-01,3.149419324472546577e-03,-7.689240574836730957e-02,-3.210519552230834961e-01,-2.570991814136505127e-01,6.751097440719604492e-01
-4.359010756015777588e-01,3.786148130893707275e-01,2.485356759279966354e-03,-7.946235686540603638e-02,-3.233100473880767822e-01,-2.568050920963287354e-01,6.775357127189636230e-01
-4.358625710010528564e-01,3.784657418727874756e-01,7.430840050801634789e-04,-8.143480867147445679e-02,-3.229660093784332275e-01,-2.560021579265594482e-01,6.786280870437622070e-01
-4.358196258544921875e-01,3.760343194007873535e-01,-2.135977149009704590e-03,-8.135906606912612915e-02,-3.205177187919616699e-01,-2.544372081756591797e-01,6.780760288238525391e-01
-4.355400204658508301e-01,3.719384670257568359e-01,-5.552124697715044022e-03,-7.847361266613006592e-02,-3.170206844806671143e-01,-2.527716755867004395e-01,6.764574050903320312e-01
-4.349949359893798828e-01,3.673486411571502686e-01,-9.172372519969940186e-03,-7.336781919002532959e-02,-3.131736218929290771e-01,-2.515808939933776855e-01,6.742184162139892578e-01
-4.342285394668579102e-01,3.629654049873352051e-01,-1.302493270486593246e-02,-6.748996675014495850e-02,-3.091380596160888672e-01,-2.509169876575469971e-01,6.717451214790344238e-01
-4.336836338043212891e-01,3.582805693149566650e-01,-1.829652674496173859e-02,-6.237943470478057861e-02,-3.039638698101043701e-01,-2.512264251708984375e-01,6.695315241813659668e-01
-4.332859814167022705e-01,3.509754836559295654e-01,-2.683214843273162842e-02,-5.667329579591751099e-02,-2.942894399166107178e-01,-2.535539269447326660e-01,6.681099534034729004e-01
-4.334532916545867920e-01,3.366831541061401367e-01,-4.167755693197250366e-02,-4.830338433384895325e-02,-2.746157646179199219e-01,-2.587043941020965576e-01,6.684382557868957520e-01
-4.339019954204559326e-01,3.095972537994384766e-01,-6.529999524354934692e-02,-3.013285249471664429e-02,-2.378181070089340210e-01,-2.655937671661376953e-01,6.697665452957153320e-01
-4.348098635673522949e-01,2.681813240051269531e-01,-9.822040051221847534e-02,5.485116853378713131e-04,-1.803099662065505981e-01,-2.718348801136016846e-01,6.696518659591674805e-01
-4.344430565834045410e-01,2.182840257883071899e-01,-1.359153836965560913e-01,3.924650326371192932e-02,-1.101124286651611328e-01,-2.716829776763916016e-01,6.672776937484741211e-01
-4.302285909652709961e-01,1.700543761253356934e-01,-1.707787811756134033e-01,7.436041533946990967e-02,-4.041918739676475525e-02,-2.694372534751892090e-01,6.646970510482788086e-01
-4.227743446826934814e-01,1.334912627935409546e-01,-1.988571435213088989e-01,1.028005778789520264e-01,1.632966659963130951e-02,-2.734622657299041748e-01,6.649793386459350586e-01
-4.137060642242431641e-01,1.018772423267364502e-01,-2.208598703145980835e-01,1.300062090158462524e-01,6.582688540220260620e-02,-2.806651890277862549e-01,6.672912836074829102e-01
-4.068621098995208740e-01,8.406446129083633423e-02,-2.344878464937210083e-01,1.565842330455780029e-01,1.035851240158081055e-01,-2.846072614192962646e-01,6.684606671333312988e-01
-4.045399427413940430e-01,7.911466062068939209e-02,-2.430561035871505737e-01,1.780423372983932495e-01,1.345301121473312378e-01,-2.850408554077148438e-01,6.683461666107177734e-01
-4.052574932575225830e-01,8.463831990957260132e-02,-2.544304132461547852e-01,1.940699815750122070e-01,1.612720638513565063e-01,-2.871622443199157715e-01,6.697003245353698730e-01
-4.064351320266723633e-01,1.024879664182662964e-01,-2.701379656791687012e-01,2.047872394323348999e-01,1.813418120145797729e-01,-2.925010025501251221e-01,6.732522845268249512e-01
-4.075329899787902832e-01,1.254114210605621338e-01,-2.813154458999633789e-01,2.117254287004470825e-01,1.962848454713821411e-01,-3.026401698589324951e-01,6.762595772743225098e-01
-4.103444218635559082e-01,1.402417570352554321e-01,-2.832875251770019531e-01,2.181460708379745483e-01,2.028623372316360474e-01,-3.105405271053314209e-01,6.761664748191833496e-01
-4.113217592239379883e-01,1.354735344648361206e-01,-2.840303182601928711e-01,2.286317050457000732e-01,2.050290107727050781e-01,-3.051074445247650146e-01,6.734834909439086914e-01
-4.118714332580566406e-01,1.227219104766845703e-01,-2.875663638114929199e-01,2.414792478084564209e-01,2.053342014551162720e-01,-2.974346578121185303e-01,6.737135648727416992e-01
-4.109066128730773926e-01,1.086835637688636780e-01,-2.937113046646118164e-01,2.510449290275573730e-01,2.098778188228607178e-01,-2.944743633270263672e-01,6.779415607452392578e-01
-4.106265604496002197e-01,9.517863392829895020e-02,-3.012758195400238037e-01,2.593540251255035400e-01,2.146586924791336060e-01,-2.978067994117736816e-01,6.853498220443725586e-01
-4.092230498790740967e-01,8.435138314962387085e-02,-3.090810179710388184e-01,2.670542895793914795e-01,2.142820954322814941e-01,-3.050136268138885498e-01,6.867812275886535645e-01
-4.072156250476837158e-01,7.954135537147521973e-02,-3.132804036140441895e-01,2.775375545024871826e-01,2.067886739969253540e-01,-3.143251538276672363e-01,6.779014468193054199e-01
-4.077877998352050781e-01,8.044284582138061523e-02,-3.144063353538513184e-01,2.983343303203582764e-01,1.922297775745391846e-01,-3.260261118412017822e-01,6.659989953041076660e-01
-4.048960804939270020e-01,7.896278053522109985e-02,-3.141443431377410889e-01,3.305792808532714844e-01,1.722190231084823608e-01,-3.495082259178161621e-01,6.422782540321350098e-01
-3.976989090442657471e-01,7.227234542369842529e-02,-3.082641959190368652e-01,3.678076863288879395e-01,1.510318666696548462e-01,-3.918145000934600830e-01,5.932332277297973633e-01
-3.937179744243621826e-01,6.692703813314437866e-02,-3.008023202419281006e-01,4.027059972286224365e-01,1.329206377267837524e-01,-4.375655055046081543e-01,5.116053223609924316e-01
-4.000527858734130859e-01,8.582935482263565063e-02,-2.962524294853210449e-01,4.320966899394989014e-01,8.195529878139495850e-02,-4.541471898555755615e-01,3.902828097343444824e-01
-4.074916541576385498e-01,1.158767566084861755e-01,-2.983380258083343506e-01,4.571853280067443848e-01,-3.926394507288932800e-03,-4.319644272327423096e-01,2.397415190935134888e-01
-4.053869843482971191e-01,1.274901479482650757e-01,-3.090247213840484619e-01,4.726521074771881104e-01,-6.860747933387756348e-02,-3.926968574523925781e-01,9.805243462324142456e-02
-3.967140614986419678e-01,1.330932378768920898e-01,-3.221531212329864502e-01,4.882523417472839355e-01,-1.111445501446723938e-01,-3.556019067764282227e-01,-3.870806843042373657e-02
-3.951107859611511230e-01,1.693602651357650757e-01,-3.233183920383453369e-01,5.001055598258972168e-01,-1.510937809944152832e-01,-3.147854804992675781e-01,-1.510678082704544067e-01
-3.976120650768280029e-01,2.064085453748703003e-01,-3.254875540733337402e-01,4.980131089687347412e-01,-1.902924627065658569e-01,-2.663377225399017334e-01,-2.196463346481323242e-01
-3.960871398448944092e-01,2.260114401578903198e-01,-3.311743140220642090e-01,4.905291795730590820e-01,-2.138584256172180176e-01,-2.353135794401168823e-01,-2.413667738437652588e-01
-3.941146433353424072e-01,2.408386468887329102e-01,-3.384954929351806641e-01,4.859671890735626221e-01,-2.224893122911453247e-01,-2.262045294046401978e-01,-2.394337803125381470e-01
-3.964238762855529785e-01,2.585576176643371582e-01,-3.450204432010650635e-01,4.851067960262298584e-01,-2.349402755498886108e-01,-2.328662723302841187e-01,-2.375104129314422607e-01
-4.005074501037597656e-01,2.792653739452362061e-01,-3.456860184669494629e-01,4.838715493679046631e-01,-2.572709619998931885e-01,-2.417029440402984619e-01,-2.444307357072830200e-01
-4.029722213745117188e-01,3.034802973270416260e-01,-3.401291370391845703e-01,4.746541082859039307e-01,-2.807055711746215820e-01,-2.409027516841888428e-01,-2.552599012851715088e-01
-4.035372734069824219e-01,3.332147598266601562e-01,-3.359007239341735840e-01,4.551921188831329346e-01,-3.017154932022094727e-01,-2.183160185813903809e-01,-2.579916417598724365e-01
-3.997299671173095703e-01,3.654977977275848389e-01,-3.374238014221191406e-01,4.331876337528228760e-01,-3.227611482143402100e-01,-1.753794848918914795e-01,-2.571541368961334229e-01
-3.880125284194946289e-01,3.884003460407257080e-01,-3.427932560443878174e-01,4.218125343322753906e-01,-3.430311381816864014e-01,-1.195155158638954163e-01,-2.596672177314758301e-01
-3.788000047206878662e-01,4.192244112491607666e-01,-3.480399549007415771e-01,4.137089550495147705e-01,-3.699079155921936035e-01,-5.970848724246025085e-02,-2.721740305423736572e-01
-3.831695616245269775e-01,4.647788107395172119e-01,-3.498584032058715820e-01,3.985764980316162109e-01,-4.179021418094635010e-01,7.273808121681213379e-03,-2.768878638744354248e-01
-3.909235000610351562e-01,5.210666060447692871e-01,-3.500184118747711182e-01,3.720012903213500977e-01,-4.770476818084716797e-01,8.380062878131866455e-02,-2.733603715896606445e-01
-4.009698331356048584e-01,5.672782659530639648e-01,-3.523869216442108154e-01,3.273458778858184814e-01,-5.201470851898193359e-01,1.409686654806137085e-01,-2.559655606746673584e-01
-4.099849164485931396e-01,6.130869984626770020e-01,-3.616616725921630859e-01,2.573485374450683594e-01,-5.388465523719787598e-01,1.743600964546203613e-01,-2.424666881561279297e-01
-4.132022857666015625e-01,6.626757383346557617e-01,-3.667519688606262207e-01,1.803585886955261230e-01,-5.449565052986145020e-01,1.967657357454299927e-01,-2.372852563858032227e-01
-4.062512516975402832e-01,6.984887123107910156e-01,-3.569066524505615234e-01,1.322529166936874390e-01,-5.439655780792236328e-01,2.191868126392364502e-01,-2.457745373249053955e-01
-3.980363309383392334e-01,7.167120575904846191e-01,-3.426665365695953369e-01,1.074607893824577332e-01,-5.366660952568054199e-01,2.309098243713378906e-01,-2.639552652835845947e-01
-3.929795920848846436e-01,7.250065207481384277e-01,-3.353751003742218018e-01,9.093853831291198730e-02,-5.307686924934387207e-01,2.294468432664871216e-01,-2.760193645954132080e-01
-3.941498398780822754e-01,7.308385372161865234e-01,-3.341402113437652588e-01,7.460104674100875854e-02,-5.333255529403686523e-01,2.074841558933258057e-01,-2.754890024662017822e-01
-3.962537348270416260e-01,7.336485981941223145e-01,-3.369557857513427734e-01,6.460008025169372559e-02,-5.382542610168457031e-01,1.657014787197113037e-01,-2.712168097496032715e-01
-3.976637423038482666e-01,7.330930829048156738e-01,-3.411438465118408203e-01,6.444934755563735962e-02,-5.403472185134887695e-01,1.143656745553016663e-01,-2.702057659626007080e-01
-3.991553783416748047e-01,7.300784587860107422e-01,-3.449448645114898682e-01,7.159579545259475708e-02,-5.405475497245788574e-01,7.157786935567855835e-02,-2.708402872085571289e-01
-3.985752463340759277e-01,7.233992218971252441e-01,-3.500147163867950439e-01,8.420984447002410889e-02,-5.396634340286254883e-01,4.763478040695190430e-02,-2.689532935619354248e-01
-3.927790522575378418e-01,7.104018330574035645e-01,-3.555669784545898438e-01,1.010274067521095276e-01,-5.360629558563232422e-01,4.055706784129142761e-02,-2.620143592357635498e-01
-3.808387219905853271e-01,6.883007884025573730e-01,-3.579237759113311768e-01,1.231364831328392029e-01,-5.302894711494445801e-01,4.957379400730133057e-02,-2.532061636447906494e-01
-3.701235353946685791e-01,6.543515920639038086e-01,-3.510050177574157715e-01,1.612234562635421753e-01,-5.279715061187744141e-01,6.408900022506713867e-02,-2.413661181926727295e-01
-3.453648388385772705e-01,5.890235900878906250e-01,-3.322457671165466309e-01,2.120543420314788818e-01,-5.182253122329711914e-01,8.471076190471649170e-02,-2.539975941181182861e-01
-3.157543241977691650e-01,4.981349110603332520e-01,-3.156528472900390625e-01,2.516353726387023926e-01,-4.997495710849761963e-01,9.294150769710540771e-02,-2.715215086936950684e-01
-2.983949780464172363e-01,4.096685945987701416e-01,-3.131785988807678223e-01,2.596374750137329102e-01,-4.736354351043701172e-01,8.828411996364593506e-02,-2.741913497447967529e-01
-2.954832911491394043e-01,3.152945637702941895e-01,-3.235328495502471924e-01,2.298115044832229614e-01,-4.200614094734191895e-01,8.693787455558776855e-02,-2.512609660625457764e-01
-2.973505854606628418e-01,2.232753932476043701e-01,-3.276668488979339600e-01,1.897729337215423584e-01,-3.536991477012634277e-01,8.054058253765106201e-02,-1.864098012447357178e-01
-2.906204462051391602e-01,1.245007365942001343e-01,-3.398248553276062012e-01,1.628897786140441895e-01,-2.780059278011322021e-01,7.459924370050430298e-02,-9.700709581375122070e-02
-2.903246581554412842e-01,8.834548294544219971e-02,-3.416474461555480957e-01,1.437917500734329224e-01,-2.525057196617126465e-01,7.347461581230163574e-02,1.759752631187438965e-04
-2.887598872184753418e-01,8.321507275104522705e-02,-3.428578972816467285e-01,1.280084103345870972e-01,-2.511290311813354492e-01,7.915703952312469482e-02,7.316885143518447876e-02
-2.912477552890777588e-01,8.997096866369247437e-02,-3.339802026748657227e-01,1.191703975200653076e-01,-2.582740485668182373e-01,7.780183106660842896e-02,1.108427047729492188e-01
-2.935941815376281738e-01,9.662581980228424072e-02,-3.253872990608215332e-01,1.146454513072967529e-01,-2.703530490398406982e-01,8.099558949470520020e-02,1.171143874526023865e-01
-2.928061783313751221e-01,1.021341234445571899e-01,-3.221854269504547119e-01,1.114567741751670837e-01,-2.842457890510559082e-01,8.869586139917373657e-02,1.083279177546501160e-01
-2.899987995624542236e-01,1.083026379346847534e-01,-3.199838995933532715e-01,1.093621253967285156e-01,-2.965774238109588623e-01,9.504854679107666016e-02,9.862115979194641113e-02
-2.878738343715667725e-01,1.143632382154464722e-01,-3.169352114200592041e-01,1.053030043840408325e-01,-3.036296665668487549e-01,9.770591557025909424e-02,9.265415370464324951e-02
-2.867741882801055908e-01,1.184907630085945129e-01,-3.143188953399658203e-01,9.996620565652847290e-02,-3.048323094844818115e-01,9.750042110681533813e-02,8.855982124805450439e-02
-2.852621376514434814e-01,1.207231804728507996e-01,-3.132820427417755127e-01,9.651847928762435913e-02,-3.029908239841461182e-01,9.765521436929702759e-02,8.459359407424926758e-02
-2.831118106842041016e-01,1.210091337561607361e-01,-3.145900666713714600e-01,9.522826224565505981e-02,-3.001646995544433594e-01,9.952110797166824341e-02,7.878620922565460205e-02
-2.811343073844909668e-01,1.219724118709564209e-01,-3.161497116088867188e-01,9.560640156269073486e-02,-2.989210188388824463e-01,1.013521403074264526e-01,7.431301474571228027e-02
-2.804409265518188477e-01,1.237868592143058777e-01,-3.167275488376617432e-01,9.608356654644012451e-02,-2.995430827140808105e-01,1.017367169260978699e-01,7.298955321311950684e-02
-2.812371850013732910e-01,1.251995265483856201e-01,-3.161079883575439453e-01,9.609477221965789795e-02,-3.011438548564910889e-01,1.004921942949295044e-01,7.452481985092163086e-02
-2.829872369766235352e-01,1.253201812505722046e-01,-3.148657381534576416e-01,9.574589878320693970e-02,-3.029966950416564941e-01,9.836689382791519165e-02,7.753204554319381714e-02
-2.849383354187011719e-01,1.242154389619827271e-01,-3.136673271656036377e-01,9.517524391412734985e-02,-3.048529624938964844e-01,9.611536562442779541e-02,8.077887445688247681e-02
-2.865076363086700439e-01,1.223884746432304382e-01,-3.128717243671417236e-01,9.439363330602645874e-02,-3.065569698810577393e-01,9.405676275491714478e-02,8.359830826520919800e-02
-2.874392867088317871e-01,1.202836707234382629e-01,-3.125170767307281494e-01,9.347212314605712891e-02,-3.078519701957702637e-01,9.224511682987213135e-02,8.576490730047225952e-02
-2.877502441406250000e-01,1.181390061974525452e-01,-3.125008940696716309e-01,9.266249090433120728e-02,-3.085010945796966553e-01,9.083769470453262329e-02,8.728185296058654785e-02
-2.875797450542449951e-01,1.160696148872375488e-01,-3.127276003360748291e-01,9.228566288948059082e-02,-3.084804713726043701e-01,9.017638117074966431e-02,8.826655894517898560e-02
-2.870792746543884277e-01,1.142065972089767456e-01,-3.131296336650848389e-01,9.250634163618087769e-02,-3.080376088619232178e-01,9.053739160299301147e-02,8.891904354095458984e-02
-2.863818705081939697e-01,1.127136424183845520e-01,-3.136281371116638184e-01,9.321425855159759521e-02,-3.075413405895233154e-01,9.189064800739288330e-02,8.947657048702239990e-02
-2.856063246726989746e-01,1.116927713155746460e-01,-3.141210973262786865e-01,9.410353749990463257e-02,-3.072593510150909424e-01,9.391428530216217041e-02,9.012068808078765869e-02
-2.848526835441589355e-01,1.111143603920936584e-01,-3.145147264003753662e-01,9.485524147748947144e-02,-3.072528243064880371e-01,9.620066732168197632e-02,9.089571237564086914e-02
-2.841855287551879883e-01,1.108400896191596985e-01,-3.147597610950469971e-01,9.527522325515747070e-02,-3.074320852756500244e-01,9.844572097063064575e-02,9.171453863382339478e-02
-2.836292088031768799e-01,1.107053980231285095e-01,-3.148579895496368408e-01,9.531620889902114868e-02,-3.076737821102142334e-01,1.004985123872756958e-01,9.244598448276519775e-02
-2.831823229789733887e-01,1.105906441807746887e-01,-3.148403465747833252e-01,9.501911699771881104e-02,-3.078975081443786621e-01,1.023054867982864380e-01,9.301145374774932861e-02
-2.828387022018432617e-01,1.104469671845436096e-01,-3.147388100624084473e-01,9.444810450077056885e-02,-3.080768585205078125e-01,1.038412675261497498e-01,9.342125058174133301e-02
-2.825968265533447266e-01,1.102788299322128296e-01,-3.145754337310791016e-01,9.366090595722198486e-02,-3.082156181335449219e-01,1.050821319222450256e-01,9.374136477708816528e-02
-2.824548482894897461e-01,1.101116240024566650e-01,-3.143654763698577881e-01,9.270900487899780273e-02,-3.083229362964630127e-01,1.060169041156768799e-01,9.403562545776367188e-02
-2.824021577835083008e-01,1.099656820297241211e-01,-3.141236007213592529e-01,9.164225310087203979e-02,-3.084038794040679932e-01,1.066589877009391785e-01,9.432713687419891357e-02
-2.824154794216156006e-01,1.098469495773315430e-01,-3.138659000396728516e-01,9.050752967596054077e-02,-3.084573745727539062e-01,1.070445477962493896e-01,9.459562599658966064e-02
-2.824644148349761963e-01,1.097485274076461792e-01,-3.136066794395446777e-01,8.934260904788970947e-02,-3.084783256053924561e-01,1.072209104895591736e-01,9.479733556509017944e-02
-2.825189232826232910e-01,1.096574962139129639e-01,-3.133569359779357910e-01,8.817451447248458862e-02,-3.084582984447479248e-01,1.072357371449470520e-01,9.488784521818161011e-02
-2.825558483600616455e-01,1.095615997910499573e-01,-3.131246864795684814e-01,8.702246844768524170e-02,-3.083894550800323486e-01,1.071341782808303833e-01,9.483712166547775269e-02
-2.825615704059600830e-01,1.094545200467109680e-01,-3.129169046878814697e-01,8.590301126241683960e-02,-3.082685172557830811e-01,1.069577112793922424e-01,9.463608264923095703e-02
