-4.344815611839294434e-01,3.706485331058502197e-01,-6.615889258682727814e-03,-7.454751431941986084e-02,-2.878375053405761719e-01,-2.576060891151428223e-01,6.675320267677307129e-01
-4.147603809833526611e-01,3.669783174991607666e-01,8.541070856153964996e-03,-8.334755897521972656e-02,-2.831876873970031738e-01,-2.441700845956802368e-01,6.369329690933227539e-01
-4.414114654064178467e-01,3.790577054023742676e-01,-7.955048233270645142e-03,-5.746403709053993225e-02,-3.024508655071258545e-01,-2.381129860877990723e-01,6.579004526138305664e-01
-4.434430003166198730e-01,3.722132742404937744e-01,-8.655536919832229614e-03,-7.185946404933929443e-02,-3.003408014774322510e-01,-2.499326616525650024e-01,6.731715202331542969e-01
-4.378403127193450928e-01,3.686875998973846436e-01,-8.198119699954986572e-03,-6.858173012733459473e-02,-2.948980331420898438e-01,-2.580419182777404785e-01,6.745053529739379883e-01
-4.344458878040313721e-01,3.626735806465148926e-01,-1.071096118539571762e-02,-5.902943387627601624e-02,-2.863857746124267578e-01,-2.549537718296051025e-01,6.641838550567626953e-01
-4.338577985763549805e-01,3.569772243499755859e-01,-1.384904421865940094e-02,-5.200451985001564026e-02,-2.801252305507659912e-01,-2.450564652681350708e-01,6.525862812995910645e-01
-4.349230229854583740e-01,3.546687960624694824e-01,-1.476209610700607300e-02,-5.032086744904518127e-02,-2.797953188419342041e-01,-2.370350658893585205e-01,6.479789018630981445e-01
-4.367286860942840576e-01,3.553810715675354004e-01,-1.268554944545030594e-02,-5.297744646668434143e-02,-2.842967510223388672e-01,-2.361797839403152466e-01,6.515182852745056152e-01
-4.380773603916168213e-01,3.559468686580657959e-01,-9.502065367996692657e-03,-5.714528262615203857e-02,-2.892892062664031982e-01,-2.418430745601654053e-01,6.585109233856201172e-01
-4.385190308094024658e-01,3.553716242313385010e-01,-7.033329457044601440e-03,-6.179957836866378784e-02,-2.926649451255798340e-01,-2.495771348476409912e-01,6.649348735809326172e-01
-4.378021359443664551e-01,3.537723124027252197e-01,-5.794572178274393082e-03,-6.599595397710800171e-02,-2.940776646137237549e-01,-2.553051710128784180e-01,6.697253584861755371e-01
-4.365558922290802002e-01,3.521236181259155273e-01,-4.935280885547399521e-03,-6.858401000499725342e-02,-2.946607470512390137e-01,-2.573109865188598633e-01,6.731035113334655762e-01
-4.351763725280761719e-01,3.501852750778198242e-01,-3.545643761754035950e-03,-6.822817772626876831e-02,-2.948470413684844971e-01,-2.564196884632110596e-01,6.746014952659606934e-01
-4.341719150543212891e-01,3.469655513763427734e-01,-1.739128609187901020e-03,-6.513018906116485596e-02,-2.938419878482818604e-01,-2.553146183490753174e-01,6.734192371368408203e-01
-4.341012239456176758e-01,3.434685468673706055e-01,3.054845146834850311e-04,-6.093770638108253479e-02,-2.922393381595611572e-01,-2.558690309524536133e-01,6.699420213699340820e-01
-4.352898001670837402e-01,3.409365415573120117e-01,2.052503405138850212e-03,-5.799879506230354309e-02,-2.908413410186767578e-01,-2.585525512695312500e-01,6.661998033523559570e-01
-4.374930858612060547e-01,3.409399688243865967e-01,3.253384260460734367e-03,-5.779179185628890991e-02,-2.907209098339080811e-01,-2.614141106605529785e-01,6.642814874649047852e-01
-4.402393698692321777e-01,3.437227904796600342e-01,3.857367439195513725e-03,-5.994014814496040344e-02,-2.923448681831359863e-01,-2.620604634284973145e-01,6.652004718780517578e-01
-4.427872896194458008e-01,3.485360145568847656e-01,3.880174597725272179e-03,-6.261366605758666992e-02,-2.954185605049133301e-01,-2.594465613365173340e-01,6.683833003044128418e-01
-4.444529116153717041e-01,3.533195257186889648e-01,3.053696127608418465e-03,-6.381262093782424927e-02,-2.985723614692687988e-01,-2.545399069786071777e-01,6.721919775009155273e-01
-4.453677833080291748e-01,3.572272062301635742e-01,1.412828220054507256e-03,-6.259776651859283447e-02,-3.008587658405303955e-01,-2.491659075021743774e-01,6.748085021972656250e-01
-4.455006122589111328e-01,3.595920503139495850e-01,-9.923398029059171677e-04,-5.903417617082595825e-02,-3.011140227317810059e-01,-2.452681213617324829e-01,6.751862168312072754e-01
-4.452658593654632568e-01,3.607095181941986084e-01,-3.736376762390136719e-03,-5.300918594002723694e-02,-2.979188263416290283e-01,-2.440178990364074707e-01,6.734335422515869141e-01
-4.452007114887237549e-01,3.609423935413360596e-01,-6.781489588320255280e-03,-4.477256163954734802e-02,-2.902013361454010010e-01,-2.455906122922897339e-01,6.706721782684326172e-01
-4.460921883583068848e-01,3.604925870895385742e-01,-1.025695167481899261e-02,-3.355874866247177124e-02,-2.767758369445800781e-01,-2.496437579393386841e-01,6.685596108436584473e-01
-4.485117197036743164e-01,3.591023385524749756e-01,-1.459627132862806320e-02,-1.774051599204540253e-02,-2.571156322956085205e-01,-2.548359334468841553e-01,6.679117679595947266e-01
-4.525269865989685059e-01,3.524231910705566406e-01,-2.279132045805454254e-02,5.340780597180128098e-03,-2.285034060478210449e-01,-2.575590014457702637e-01,6.680259704589843750e-01
-4.575456380844116211e-01,3.361276090145111084e-01,-3.847365453839302063e-02,3.677763789892196655e-02,-1.881262063980102539e-01,-2.527471184730529785e-01,6.670652031898498535e-01
-4.620792269706726074e-01,3.103076517581939697e-01,-6.114877015352249146e-02,7.141532748937606812e-02,-1.374355554580688477e-01,-2.380135506391525269e-01,6.647751331329345703e-01
-4.642436504364013672e-01,2.854277193546295166e-01,-8.271721750497817993e-02,9.707468748092651367e-02,-8.456707000732421875e-02,-2.206978946924209595e-01,6.624340415000915527e-01
-4.638004899024963379e-01,2.649383246898651123e-01,-1.000879481434822083e-01,1.090350300073623657e-01,-3.232868388295173645e-02,-2.082608342170715332e-01,6.605061888694763184e-01
-4.637552797794342041e-01,2.448198050260543823e-01,-1.132424399256706238e-01,1.124808490276336670e-01,1.958410814404487610e-02,-2.025307863950729370e-01,6.604747176170349121e-01
-4.645977616310119629e-01,2.265336960554122925e-01,-1.246716752648353577e-01,1.113803088665008545e-01,6.766998767852783203e-02,-2.020703107118606567e-01,6.617625355720520020e-01
-4.629691839218139648e-01,2.132620364427566528e-01,-1.347644031047821045e-01,1.133339554071426392e-01,1.043880432844161987e-01,-1.975118964910507202e-01,6.603441834449768066e-01
-4.575455188751220703e-01,2.039567679166793823e-01,-1.455514281988143921e-01,1.209125220775604248e-01,1.305971443653106689e-01,-1.792371869087219238e-01,6.551944017410278320e-01
-4.501146376132965088e-01,2.007477879524230957e-01,-1.564962565898895264e-01,1.279167532920837402e-01,1.494097858667373657e-01,-1.453926563262939453e-01,6.520718932151794434e-01
-4.426218867301940918e-01,1.956669539213180542e-01,-1.668618023395538330e-01,1.317349076271057129e-01,1.642834097146987915e-01,-1.064403057098388672e-01,6.553511619567871094e-01
-4.366001784801483154e-01,1.835968792438507080e-01,-1.755803823471069336e-01,1.334010809659957886e-01,1.776563823223114014e-01,-7.687638700008392334e-02,6.648415327072143555e-01
-4.346887171268463135e-01,1.827647387981414795e-01,-1.771421730518341064e-01,1.349564343690872192e-01,1.792956143617630005e-01,-5.831091105937957764e-02,6.787797212600708008e-01
-4.336133301258087158e-01,1.932599693536758423e-01,-1.780659407377243042e-01,1.380625665187835693e-01,1.741780936717987061e-01,-4.534235224127769470e-02,6.880008578300476074e-01
-4.336459040641784668e-01,2.014728933572769165e-01,-1.751445084810256958e-01,1.414698958396911621e-01,1.727932393550872803e-01,-4.273035377264022827e-02,6.866185665130615234e-01
-4.376434385776519775e-01,2.087305039167404175e-01,-1.721145659685134888e-01,1.394338160753250122e-01,1.761996895074844360e-01,-4.516144841909408569e-02,6.795340776443481445e-01
-4.384289979934692383e-01,2.064568698406219482e-01,-1.792686730623245239e-01,1.454256027936935425e-01,1.891940534114837646e-01,-4.276699945330619812e-02,6.728948950767517090e-01
-4.385461807250976562e-01,1.966283172369003296e-01,-1.927169561386108398e-01,1.592421978712081909e-01,2.060216069221496582e-01,-4.658480733633041382e-02,6.737765669822692871e-01
-4.425032734870910645e-01,1.872735321521759033e-01,-2.023658305406570435e-01,1.754494309425354004e-01,2.113341689109802246e-01,-6.297467648983001709e-02,6.839069128036499023e-01
-4.428542256355285645e-01,1.791793107986450195e-01,-2.011087834835052490e-01,1.825143545866012573e-01,2.061473131179809570e-01,-7.785259932279586792e-02,6.914945840835571289e-01
-4.370713233947753906e-01,1.716550290584564209e-01,-1.913817077875137329e-01,1.765912622213363647e-01,2.018759995698928833e-01,-7.882241904735565186e-02,7.037665843963623047e-01
-4.282761812210083008e-01,1.622779518365859985e-01,-1.874999552965164185e-01,1.762666553258895874e-01,2.002938985824584961e-01,-7.489247620105743408e-02,7.157461643218994141e-01
-4.199441373348236084e-01,1.497768908739089966e-01,-1.898443400859832764e-01,1.912724226713180542e-01,1.990833729505538940e-01,-6.814106553792953491e-02,7.210857868194580078e-01
-4.192039370536804199e-01,1.389593780040740967e-01,-1.903723329305648804e-01,2.131306231021881104e-01,1.967132091522216797e-01,-5.980082228779792786e-02,7.183473110198974609e-01
-4.211561679840087891e-01,1.239964365959167480e-01,-1.860789507627487183e-01,2.367749661207199097e-01,2.037541717290878296e-01,-4.973996803164482117e-02,7.102764248847961426e-01
-4.282782673835754395e-01,1.141069009900093079e-01,-1.786303818225860596e-01,2.540677785873413086e-01,2.137686759233474731e-01,-4.977387562394142151e-02,7.060778141021728516e-01
-4.372676014900207520e-01,1.119610965251922607e-01,-1.734270602464675903e-01,2.686384916305541992e-01,2.083670496940612793e-01,-7.212282717227935791e-02,7.110261917114257812e-01
-4.341875314712524414e-01,1.178927868604660034e-01,-1.723759323358535767e-01,2.838625311851501465e-01,1.800653338432312012e-01,-9.688646346330642700e-02,7.130305767059326172e-01
-4.209024310111999512e-01,1.245269924402236938e-01,-1.776395142078399658e-01,3.047817349433898926e-01,1.288017481565475464e-01,-9.802944958209991455e-02,7.010406851768493652e-01
-4.085078239440917969e-01,1.359627991914749146e-01,-1.847963184118270874e-01,3.288733661174774170e-01,5.061631277203559875e-02,-8.072105050086975098e-02,6.776363849639892578e-01
-4.102869629859924316e-01,1.414777040481567383e-01,-1.948099583387374878e-01,3.610368669033050537e-01,-4.757222533226013184e-02,-7.478773593902587891e-02,6.533899903297424316e-01
-4.192029833793640137e-01,1.379471570253372192e-01,-2.062444835901260376e-01,3.819069564342498779e-01,-1.233985871076583862e-01,-8.542434126138687134e-02,6.218503117561340332e-01
-4.256224930286407471e-01,1.408392935991287231e-01,-2.152572870254516602e-01,3.859294056892395020e-01,-1.706592887639999390e-01,-1.084993854165077209e-01,5.702429413795471191e-01
-4.198974370956420898e-01,1.352742612361907959e-01,-2.247092127799987793e-01,3.945526480674743652e-01,-1.963022649288177490e-01,-1.276911348104476929e-01,5.188739895820617676e-01
-4.156324863433837891e-01,1.286941319704055786e-01,-2.322231084108352661e-01,4.127708375453948975e-01,-2.156846374273300171e-01,-1.531503647565841675e-01,4.750080108642578125e-01
-4.208197295665740967e-01,1.360700875520706177e-01,-2.332755029201507568e-01,4.303339123725891113e-01,-2.380930334329605103e-01,-1.839293688535690308e-01,4.457110464572906494e-01
-4.270759820938110352e-01,1.459749191999435425e-01,-2.302656322717666626e-01,4.425900876522064209e-01,-2.520409822463989258e-01,-2.050797045230865479e-01,4.331072568893432617e-01
-4.319019615650177002e-01,1.523001343011856079e-01,-2.297293990850448608e-01,4.489390552043914795e-01,-2.509709298610687256e-01,-2.111105471849441528e-01,4.229847192764282227e-01
-4.319687187671661377e-01,1.595292091369628906e-01,-2.341918498277664185e-01,4.522758126258850098e-01,-2.453804463148117065e-01,-2.031432241201400757e-01,4.031073749065399170e-01
-4.295583963394165039e-01,1.851167380809783936e-01,-2.366637587547302246e-01,4.520142674446105957e-01,-2.462054938077926636e-01,-1.783848106861114502e-01,3.781124949455261230e-01
-4.270382225513458252e-01,2.304812520742416382e-01,-2.413632571697235107e-01,4.481100738048553467e-01,-2.617594599723815918e-01,-1.491996943950653076e-01,3.465253412723541260e-01
-4.285786151885986328e-01,2.937356233596801758e-01,-2.481454908847808838e-01,4.415112733840942383e-01,-2.921786606311798096e-01,-1.264742314815521240e-01,3.175534009933471680e-01
-4.314518272876739502e-01,3.470936417579650879e-01,-2.654927670955657959e-01,4.412224590778350830e-01,-3.165704309940338135e-01,-1.185772791504859924e-01,2.893435060977935791e-01
-4.326950609683990479e-01,3.927759528160095215e-01,-2.851232886314392090e-01,4.473371207714080811e-01,-3.303287625312805176e-01,-1.257246732711791992e-01,2.527350187301635742e-01
-4.303222000598907471e-01,4.426608383655548096e-01,-2.955043315887451172e-01,4.478025734424591064e-01,-3.341104686260223389e-01,-1.302578747272491455e-01,1.925825178623199463e-01
-4.283988177776336670e-01,4.772213101387023926e-01,-2.998179495334625244e-01,4.485076665878295898e-01,-3.259277939796447754e-01,-1.298039108514785767e-01,1.221264079213142395e-01
-4.258170723915100098e-01,4.900929331779479980e-01,-2.967824935913085938e-01,4.539430439472198486e-01,-3.236689269542694092e-01,-1.238740980625152588e-01,7.003557682037353516e-02
-4.213472008705139160e-01,4.829864501953125000e-01,-2.924907505512237549e-01,4.582227766513824463e-01,-3.223282098770141602e-01,-1.053608506917953491e-01,3.420296311378479004e-02
-4.226227998733520508e-01,4.758274555206298828e-01,-2.866883575916290283e-01,4.564245939254760742e-01,-3.221588432788848877e-01,-5.312676727771759033e-02,1.079900190234184265e-02
-4.308232665061950684e-01,4.890187978744506836e-01,-2.847415208816528320e-01,4.445378184318542480e-01,-3.339549601078033447e-01,2.703251689672470093e-02,1.275894045829772949e-02
-4.391389787197113037e-01,5.397040843963623047e-01,-2.890206575393676758e-01,4.182046651840209961e-01,-3.826188743114471436e-01,1.340291053056716919e-01,2.501803450286388397e-02
-4.452908337116241455e-01,6.155830025672912598e-01,-2.985455393791198730e-01,3.807247281074523926e-01,-4.735830426216125488e-01,2.561689317226409912e-01,2.428562380373477936e-02
-4.383195936679840088e-01,6.710301041603088379e-01,-3.067097961902618408e-01,3.209065794944763184e-01,-5.459116697311401367e-01,3.411426544189453125e-01,-6.550167454406619072e-04
-4.210833013057708740e-01,7.053274512290954590e-01,-3.134306967258453369e-01,2.461117208003997803e-01,-5.908437371253967285e-01,3.832156360149383545e-01,-2.690367214381694794e-02
-4.142611622810363770e-01,7.275243997573852539e-01,-3.178566992282867432e-01,1.667478978633880615e-01,-6.129298806190490723e-01,4.039127230644226074e-01,-4.927752539515495300e-02
-4.136160612106323242e-01,7.452117204666137695e-01,-3.174680769443511963e-01,1.225646585226058960e-01,-6.282666325569152832e-01,4.153499305248260498e-01,-4.584392532706260681e-02
-4.136273264884948730e-01,7.547705769538879395e-01,-3.183887302875518799e-01,1.054868325591087341e-01,-6.407637000083923340e-01,4.257259964942932129e-01,-3.576371073722839355e-02
-4.109202623367309570e-01,7.548062205314636230e-01,-3.259076178073883057e-01,1.032679975032806396e-01,-6.521750092506408691e-01,4.248826801776885986e-01,-3.299896046519279480e-02
-4.106394350528717041e-01,7.499692440032958984e-01,-3.390862047672271729e-01,1.208058595657348633e-01,-6.615497469902038574e-01,4.180292487144470215e-01,-1.971656084060668945e-02
-4.146299958229064941e-01,7.479397654533386230e-01,-3.529686629772186279e-01,1.360928714275360107e-01,-6.646541357040405273e-01,4.112415313720703125e-01,1.069582812488079071e-02
-4.204178750514984131e-01,7.569584846496582031e-01,-3.621224462985992432e-01,1.186984479427337646e-01,-6.640025377273559570e-01,3.988584578037261963e-01,5.551284551620483398e-02
-4.208886325359344482e-01,7.736864089965820312e-01,-3.591721951961517334e-01,7.575241476297378540e-02,-6.657002568244934082e-01,3.827217519283294678e-01,1.065475270152091980e-01
-4.162534475326538086e-01,7.877818346023559570e-01,-3.485805690288543701e-01,2.751403674483299255e-02,-6.726529598236083984e-01,3.711459338665008545e-01,1.532855629920959473e-01
-4.106281399726867676e-01,7.970054149627685547e-01,-3.385291695594787598e-01,-5.144870840013027191e-03,-6.814979314804077148e-01,3.653320074081420898e-01,1.855837106704711914e-01
-4.054315984249114990e-01,8.031542301177978516e-01,-3.281458616256713867e-01,-1.277754548937082291e-02,-6.857019066810607910e-01,3.514054417610168457e-01,1.986339092254638672e-01
-4.005383849143981934e-01,8.069007396697998047e-01,-3.198265433311462402e-01,-4.373770207166671753e-03,-6.776202321052551270e-01,3.385442495346069336e-01,1.967072635889053345e-01
-3.957338333129882812e-01,8.095326423645019531e-01,-3.193135857582092285e-01,4.245288204401731491e-03,-6.638520359992980957e-01,3.394682407379150391e-01,1.893848180770874023e-01
-3.889032006263732910e-01,8.117564916610717773e-01,-3.261366486549377441e-01,1.276456657797098160e-02,-6.528265476226806641e-01,3.557140827178955078e-01,1.850816756486892700e-01
-3.770869970321655273e-01,8.107749223709106445e-01,-3.356157839298248291e-01,2.581869624555110931e-02,-6.489730477333068848e-01,3.798394203186035156e-01,1.758191436529159546e-01
-3.551064729690551758e-01,7.946783900260925293e-01,-3.406093120574951172e-01,3.905429691076278687e-02,-6.501176953315734863e-01,4.054610431194305420e-01,1.654457151889801025e-01
-3.278610408306121826e-01,7.486629486083984375e-01,-3.352273106575012207e-01,4.105420410633087158e-02,-6.498513221740722656e-01,4.222138226032257080e-01,1.656325310468673706e-01
-3.057514429092407227e-01,6.621680259704589844e-01,-3.225435018539428711e-01,4.153682291507720947e-02,-6.372809410095214844e-01,4.324134886264801025e-01,1.684152632951736450e-01
-2.905088067054748535e-01,5.530616641044616699e-01,-3.178766965866088867e-01,5.825811624526977539e-02,-6.118370890617370605e-01,4.165093302726745605e-01,1.862059533596038818e-01
-2.816987335681915283e-01,4.350615739822387695e-01,-3.151058852672576904e-01,6.839611381292343140e-02,-5.712471604347229004e-01,3.787375390529632568e-01,2.488126456737518311e-01
-2.708543837070465088e-01,3.036056160926818848e-01,-3.161229789257049561e-01,8.130200952291488647e-02,-5.180865526199340820e-01,2.972671687602996826e-01,3.440413177013397217e-01
-2.753226757049560547e-01,2.196335792541503906e-01,-3.123800456523895264e-01,6.295099854469299316e-02,-4.814798831939697266e-01,2.092356830835342407e-01,4.398937225341796875e-01
-2.794710099697113037e-01,1.902815103530883789e-01,-3.157312572002410889e-01,4.406724870204925537e-02,-4.620461463928222656e-01,1.588654518127441406e-01,5.056737065315246582e-01
-2.738112807273864746e-01,1.806257367134094238e-01,-3.230792880058288574e-01,4.174467176198959351e-02,-4.443308711051940918e-01,1.276987642049789429e-01,5.281502008438110352e-01
-2.733039259910583496e-01,1.900638788938522339e-01,-3.221266865730285645e-01,3.809825330972671509e-02,-4.448790848255157471e-01,1.067963764071464539e-01,5.222841501235961914e-01
-2.759531140327453613e-01,2.004459500312805176e-01,-3.193457722663879395e-01,3.229467943310737610e-02,-4.590488374233245850e-01,9.907295554876327515e-02,5.069422125816345215e-01
-2.770328223705291748e-01,2.016352713108062744e-01,-3.182534277439117432e-01,2.969403006136417389e-02,-4.733233749866485596e-01,9.400821477174758911e-02,4.926346540451049805e-01
-2.767692208290100098e-01,1.972532123327255249e-01,-3.183823525905609131e-01,2.703496813774108887e-02,-4.821828901767730713e-01,8.610197156667709351e-02,4.811638891696929932e-01
-2.761290371417999268e-01,1.912195533514022827e-01,-3.192789852619171143e-01,2.203832380473613739e-02,-4.858808517456054688e-01,7.648488879203796387e-02,4.745715856552124023e-01
-2.757452428340911865e-01,1.849565804004669189e-01,-3.214087486267089844e-01,1.589304767549037933e-02,-4.869659245014190674e-01,6.938135623931884766e-02,4.754132330417633057e-01
-2.759459912776947021e-01,1.797762513160705566e-01,-3.240635693073272705e-01,1.039362326264381409e-02,-4.881746470928192139e-01,6.688284128904342651e-02,4.842228293418884277e-01
-2.766653895378112793e-01,1.759319603443145752e-01,-3.270232379436492920e-01,6.182739976793527603e-03,-4.885651171207427979e-01,6.887120753526687622e-02,4.974508285522460938e-01
-2.782336771488189697e-01,1.751396954059600830e-01,-3.291378617286682129e-01,4.046756774187088013e-03,-4.883639514446258545e-01,7.271066308021545410e-02,5.111491680145263672e-01
-2.803845703601837158e-01,1.764321923255920410e-01,-3.301748931407928467e-01,3.889360232278704643e-03,-4.875085353851318359e-01,7.718493044376373291e-02,5.215011835098266602e-01
-2.824680805206298828e-01,1.781951785087585449e-01,-3.304434120655059814e-01,5.015598610043525696e-03,-4.861697256565093994e-01,8.154250681400299072e-02,5.263921618461608887e-01
-2.840960919857025146e-01,1.797663122415542603e-01,-3.304341137409210205e-01,6.433714181184768677e-03,-4.848236441612243652e-01,8.476153016090393066e-02,5.259555578231811523e-01
-2.853265404701232910e-01,1.816181987524032593e-01,-3.304580152034759521e-01,7.328578270971775055e-03,-4.840827882289886475e-01,8.585134148597717285e-02,5.218042731285095215e-01
-2.863456904888153076e-01,1.843160539865493774e-01,-3.306516706943511963e-01,7.362667471170425415e-03,-4.842654466629028320e-01,8.450233936309814453e-02,5.157149434089660645e-01
-2.871820330619812012e-01,1.877167224884033203e-01,-3.310905098915100098e-01,6.705333944410085678e-03,-4.851386249065399170e-01,8.113898336887359619e-02,5.088458657264709473e-01
