-4.344815611839294434e-01,3.706485331058502197e-01,-6.615889258682727814e-03,-7.454751431941986084e-02,-2.878375053405761719e-01,-2.576060891151428223e-01,6.675320267677307129e-01
-4.340856075286865234e-01,3.746193647384643555e-01,5.651989486068487167e-03,-7.135009020566940308e-02,-2.842441201210021973e-01,-2.498935759067535400e-01,6.375117897987365723e-01
-4.394275844097137451e-01,3.802187144756317139e-01,-4.754324909299612045e-03,-6.350827217102050781e-02,-2.745534181594848633e-01,-2.450899779796600342e-01,6.532219052314758301e-01
-4.428260624408721924e-01,3.797120153903961182e-01,-3.426201408728957176e-03,-6.976281851530075073e-02,-2.832966446876525879e-01,-2.415999025106430054e-01,6.654323935508728027e-01
-4.453261494636535645e-01,3.823793530464172363e-01,-3.378334688022732735e-03,-7.773570716381072998e-02,-2.913816869258880615e-01,-2.401976138353347778e-01,6.681059598922729492e-01
-4.440898597240447998e-01,3.840152323246002197e-01,-2.389635425060987473e-03,-8.033233880996704102e-02,-2.930417954921722412e-01,-2.397947311401367188e-01,6.637834310531616211e-01
-4.408481419086456299e-01,3.832557797431945801e-01,-2.323594642803072929e-03,-7.888719439506530762e-02,-2.904448211193084717e-01,-2.395803183317184448e-01,6.588616371154785156e-01
-4.382505714893341064e-01,3.814791440963745117e-01,-3.848199965432286263e-03,-7.579088956117630005e-02,-2.886175513267517090e-01,-2.382608205080032349e-01,6.577363014221191406e-01
-4.374116659164428711e-01,3.802587389945983887e-01,-5.365005694329738617e-03,-7.382251322269439697e-02,-2.896020412445068359e-01,-2.354048490524291992e-01,6.608371734619140625e-01
-4.376428723335266113e-01,3.800725638866424561e-01,-6.142571568489074707e-03,-7.404317706823348999e-02,-2.909904718399047852e-01,-2.328265905380249023e-01,6.658133268356323242e-01
-4.385673999786376953e-01,3.820985257625579834e-01,-5.891461856663227081e-03,-7.606553286314010620e-02,-2.918508648872375488e-01,-2.330310493707656860e-01,6.707436442375183105e-01
-4.394361972808837891e-01,3.859210610389709473e-01,-5.556838121265172958e-03,-7.819956541061401367e-02,-2.924727201461791992e-01,-2.365970909595489502e-01,6.745126247406005859e-01
-4.402829110622406006e-01,3.910582959651947021e-01,-5.175076425075531006e-03,-7.959058135747909546e-02,-2.942049205303192139e-01,-2.414178103208541870e-01,6.766053438186645508e-01
-4.408082067966461182e-01,3.961090445518493652e-01,-4.346157424151897430e-03,-7.991463690996170044e-02,-2.970460653305053711e-01,-2.451609224081039429e-01,6.768593192100524902e-01
-4.406290650367736816e-01,3.991443812847137451e-01,-3.115806495770812035e-03,-7.971511781215667725e-02,-2.993185818195343018e-01,-2.474922537803649902e-01,6.752901077270507812e-01
-4.396484196186065674e-01,3.998515009880065918e-01,-1.444394816644489765e-03,-7.951992750167846680e-02,-3.009487688541412354e-01,-2.486480623483657837e-01,6.722251772880554199e-01
-4.380722045898437500e-01,3.981176018714904785e-01,9.450909419683739543e-05,-8.013113588094711304e-02,-3.018974363803863525e-01,-2.494552582502365112e-01,6.682884097099304199e-01
-4.363254308700561523e-01,3.949722051620483398e-01,9.001264697872102261e-04,-8.205587416887283325e-02,-3.023812472820281982e-01,-2.498186081647872925e-01,6.640667915344238281e-01
-4.349676966667175293e-01,3.912360966205596924e-01,1.138481660746037960e-03,-8.500347286462783813e-02,-3.021034896373748779e-01,-2.499403804540634155e-01,6.602831482887268066e-01
-4.341447651386260986e-01,3.876314163208007812e-01,1.458334620110690594e-03,-8.766334503889083862e-02,-3.009175062179565430e-01,-2.503440976142883301e-01,6.572875380516052246e-01
-4.336081743240356445e-01,3.839949965476989746e-01,1.975240418687462807e-03,-8.847268670797348022e-02,-2.987828850746154785e-01,-2.515254914760589600e-01,6.549971103668212891e-01
-4.338534772396087646e-01,3.811936378479003906e-01,2.614853903651237488e-03,-8.657412230968475342e-02,-2.970237433910369873e-01,-2.532210350036621094e-01,6.535553932189941406e-01
-4.349438846111297607e-01,3.793994784355163574e-01,2.622226253151893616e-03,-8.204425126314163208e-02,-2.965689897537231445e-01,-2.545515596866607666e-01,6.537580490112304688e-01
-4.372344613075256348e-01,3.789564073085784912e-01,2.201454713940620422e-03,-7.505087554454803467e-02,-2.973618209362030029e-01,-2.543916702270507812e-01,6.569570899009704590e-01
-4.406808912754058838e-01,3.797762989997863770e-01,1.340399612672626972e-03,-6.654477119445800781e-02,-2.982775270938873291e-01,-2.521173954010009766e-01,6.635735034942626953e-01
-4.448956847190856934e-01,3.803462982177734375e-01,-8.449073066003620625e-04,-5.621780455112457275e-02,-2.959165573120117188e-01,-2.476309239864349365e-01,6.719425320625305176e-01
-4.491274952888488770e-01,3.783004879951477051e-01,-6.068659014999866486e-03,-4.199559241533279419e-02,-2.863361239433288574e-01,-2.419215291738510132e-01,6.787503361701965332e-01
-4.530496299266815186e-01,3.693917691707611084e-01,-1.715069450438022614e-02,-2.092923037707805634e-02,-2.647572159767150879e-01,-2.369843125343322754e-01,6.818913221359252930e-01
-4.571372568607330322e-01,3.521012663841247559e-01,-3.463459759950637817e-02,8.020355366170406342e-03,-2.295912057161331177e-01,-2.359964847564697266e-01,6.814687252044677734e-01
-4.619195163249969482e-01,3.257166445255279541e-01,-5.747129395604133606e-02,4.280456900596618652e-02,-1.803681701421737671e-01,-2.385811954736709595e-01,6.785867810249328613e-01
-4.664216637611389160e-01,2.945844531059265137e-01,-8.146762102842330933e-02,7.778462767601013184e-02,-1.204079464077949524e-01,-2.422756701707839966e-01,6.747315526008605957e-01
-4.682454168796539307e-01,2.632551193237304688e-01,-1.056245565414428711e-01,1.087604612112045288e-01,-5.590346455574035645e-02,-2.426245659589767456e-01,6.715109348297119141e-01
-4.699207246303558350e-01,2.356761842966079712e-01,-1.249260455369949341e-01,1.362310796976089478e-01,3.728493349626660347e-03,-2.385904490947723389e-01,6.718305945396423340e-01
-4.709638655185699463e-01,2.190800756216049194e-01,-1.400616019964218140e-01,1.543254554271697998e-01,5.013111978769302368e-02,-2.290168404579162598e-01,6.748095154762268066e-01
-4.674018323421478271e-01,2.122283428907394409e-01,-1.509695649147033691e-01,1.654363721609115601e-01,8.356250077486038208e-02,-2.089375704526901245e-01,6.749590635299682617e-01
-4.582728743553161621e-01,2.080391049385070801e-01,-1.592652946710586548e-01,1.701425760984420776e-01,1.135624051094055176e-01,-1.797064989805221558e-01,6.718034744262695312e-01
-4.481275081634521484e-01,2.068045437335968018e-01,-1.666730344295501709e-01,1.686544269323348999e-01,1.439628005027770996e-01,-1.490034461021423340e-01,6.704908609390258789e-01
-4.424099624156951904e-01,2.073855102062225342e-01,-1.723622977733612061e-01,1.703550368547439575e-01,1.741762310266494751e-01,-1.196080595254898071e-01,6.746096611022949219e-01
-4.406954944133758545e-01,2.011877298355102539e-01,-1.768994927406311035e-01,1.822974085807800293e-01,2.022154778242111206e-01,-9.341412782669067383e-02,6.831401586532592773e-01
-4.438775479793548584e-01,1.992903351783752441e-01,-1.751813590526580811e-01,1.874130815267562866e-01,2.133110165596008301e-01,-7.032085955142974854e-02,6.952944993972778320e-01
-4.476827681064605713e-01,2.021191418170928955e-01,-1.703555583953857422e-01,1.786474436521530151e-01,2.131534218788146973e-01,-4.715182632207870483e-02,7.019895911216735840e-01
-4.472119808197021484e-01,2.044803053140640259e-01,-1.641381978988647461e-01,1.593264490365982056e-01,2.110151499509811401e-01,-3.522361442446708679e-02,6.975980401039123535e-01
-4.455208778381347656e-01,2.054248303174972534e-01,-1.585677862167358398e-01,1.387784034013748169e-01,2.090356498956680298e-01,-3.298440575599670410e-02,6.894062161445617676e-01
-4.433667957782745361e-01,2.005095034837722778e-01,-1.618385165929794312e-01,1.291694790124893188e-01,2.145851105451583862e-01,-2.994956634938716888e-02,6.861302852630615234e-01
-4.407422244548797607e-01,1.945862472057342529e-01,-1.737020313739776611e-01,1.306555867195129395e-01,2.283360511064529419e-01,-2.875743992626667023e-02,6.873927712440490723e-01
-4.425056278705596924e-01,1.966505050659179688e-01,-1.867547929286956787e-01,1.387022435665130615e-01,2.338896393775939941e-01,-2.667032368481159210e-02,6.956740021705627441e-01
-4.443353414535522461e-01,1.985634863376617432e-01,-1.945067197084426880e-01,1.501728743314743042e-01,2.329038232564926147e-01,-2.153039909899234772e-02,7.026051878929138184e-01
-4.436208605766296387e-01,1.909915655851364136e-01,-1.983162164688110352e-01,1.644090861082077026e-01,2.338900268077850342e-01,-1.570617035031318665e-02,7.042113542556762695e-01
-4.416994154453277588e-01,1.716569364070892334e-01,-1.999821513891220093e-01,1.809634864330291748e-01,2.437665313482284546e-01,-1.518277358263731003e-02,7.024909853935241699e-01
-4.383913874626159668e-01,1.502527296543121338e-01,-2.004222422838211060e-01,2.005777806043624878e-01,2.585759162902832031e-01,-2.162653394043445587e-02,7.010191679000854492e-01
-4.383565783500671387e-01,1.454694122076034546e-01,-1.990720629692077637e-01,2.141663581132888794e-01,2.612617015838623047e-01,-3.641462698578834534e-02,7.015018463134765625e-01
-4.353847205638885498e-01,1.463226079940795898e-01,-1.999643892049789429e-01,2.263980805873870850e-01,2.565324306488037109e-01,-5.251828953623771667e-02,7.033237218856811523e-01
-4.315163195133209229e-01,1.407477408647537231e-01,-1.991897970438003540e-01,2.414909601211547852e-01,2.525655031204223633e-01,-6.622884422540664673e-02,7.070409059524536133e-01
-4.321162700653076172e-01,1.331769526004791260e-01,-1.962815076112747192e-01,2.588545083999633789e-01,2.370625138282775879e-01,-7.772871106863021851e-02,7.119396924972534180e-01
-4.310222268104553223e-01,1.252690553665161133e-01,-1.911579370498657227e-01,2.749222815036773682e-01,2.022408992052078247e-01,-7.200952619314193726e-02,7.162222862243652344e-01
-4.297162890434265137e-01,1.136505454778671265e-01,-1.902094334363937378e-01,2.866744697093963623e-01,1.568927615880966187e-01,-4.821496456861495972e-02,7.247092127799987793e-01
-4.235350489616394043e-01,1.068889275193214417e-01,-1.935317814350128174e-01,3.000804185867309570e-01,9.112643450498580933e-02,-2.598066069185733795e-02,7.260370254516601562e-01
-4.175724387168884277e-01,1.106101199984550476e-01,-2.095950245857238770e-01,3.316358625888824463e-01,-3.569562360644340515e-02,-3.662575036287307739e-02,6.842534542083740234e-01
-4.147750437259674072e-01,1.138541400432586670e-01,-2.265037000179290771e-01,3.682806789875030518e-01,-1.588366776704788208e-01,-7.787185907363891602e-02,5.885673761367797852e-01
-4.163261055946350098e-01,1.160691902041435242e-01,-2.305511683225631714e-01,3.887581229209899902e-01,-2.063464820384979248e-01,-1.274653226137161255e-01,4.771623909473419189e-01
-4.080988466739654541e-01,1.101084500551223755e-01,-2.466820031404495239e-01,4.054699838161468506e-01,-2.119110375642776489e-01,-1.578833907842636108e-01,3.632549047470092773e-01
-3.976429104804992676e-01,8.990125358104705811e-02,-2.656087279319763184e-01,4.241385161876678467e-01,-2.034295499324798584e-01,-1.736842095851898193e-01,2.742292284965515137e-01
-4.058932960033416748e-01,8.656322211027145386e-02,-2.707432806491851807e-01,4.399272501468658447e-01,-2.081719636917114258e-01,-1.797744780778884888e-01,2.370531409978866577e-01
-4.248317778110504150e-01,1.104429662227630615e-01,-2.632803916931152344e-01,4.503113627433776855e-01,-2.234891951084136963e-01,-1.751163303852081299e-01,2.433326840400695801e-01
-4.366034567356109619e-01,1.466703563928604126e-01,-2.568779885768890381e-01,4.515945315361022949e-01,-2.330287098884582520e-01,-1.681321114301681519e-01,2.583993673324584961e-01
-4.296396672725677490e-01,1.783142089843750000e-01,-2.621139287948608398e-01,4.432759881019592285e-01,-2.317719757556915283e-01,-1.688175499439239502e-01,2.559702694416046143e-01
-4.170554280281066895e-01,2.000568360090255737e-01,-2.673351466655731201e-01,4.354654252529144287e-01,-2.272424697875976562e-01,-1.785160750150680542e-01,2.490763664245605469e-01
-4.153054952621459961e-01,2.094705849885940552e-01,-2.692928314208984375e-01,4.353273808956146240e-01,-2.262248545885086060e-01,-1.990314871072769165e-01,2.459752261638641357e-01
-4.231395721435546875e-01,2.467892020940780640e-01,-2.705859541893005371e-01,4.460865855216979980e-01,-2.371449470520019531e-01,-2.019072771072387695e-01,2.387915998697280884e-01
-4.327984452247619629e-01,3.317129909992218018e-01,-2.817246317863464355e-01,4.635339975357055664e-01,-2.580373585224151611e-01,-1.831095814704895020e-01,2.088225781917572021e-01
-4.291625022888183594e-01,3.845254182815551758e-01,-2.943841516971588135e-01,4.757510423660278320e-01,-2.691557705402374268e-01,-1.656689792871475220e-01,1.615961343050003052e-01
-4.160774648189544678e-01,4.020858407020568848e-01,-3.001829981803894043e-01,4.695007503032684326e-01,-2.685606479644775391e-01,-1.527432054281234741e-01,9.387306869029998779e-02
-4.089530408382415771e-01,4.211855232715606689e-01,-2.921921014785766602e-01,4.476963281631469727e-01,-2.786428928375244141e-01,-1.504631787538528442e-01,2.992819249629974365e-02
-4.115189909934997559e-01,4.453470706939697266e-01,-2.719861865043640137e-01,4.343710243701934814e-01,-2.937545180320739746e-01,-1.560095697641372681e-01,-7.149650482460856438e-04
-4.159560203552246094e-01,4.464678466320037842e-01,-2.707960605621337891e-01,4.405746459960937500e-01,-2.824591994285583496e-01,-1.511819660663604736e-01,-1.892549730837345123e-02
-4.134388267993927002e-01,4.402932524681091309e-01,-2.883223295211791992e-01,4.474419355392456055e-01,-2.688095271587371826e-01,-1.112495511770248413e-01,-3.683413565158843994e-02
-4.103830754756927490e-01,4.535082280635833740e-01,-3.044433891773223877e-01,4.504024088382720947e-01,-2.893114984035491943e-01,-3.440658375620841980e-02,-2.698862738907337189e-02
-4.145033359527587891e-01,4.987094402313232422e-01,-3.122262060642242432e-01,4.450258910655975342e-01,-3.453721106052398682e-01,8.796644955873489380e-02,1.699088490568101406e-03
-4.229003489017486572e-01,5.682980418205261230e-01,-3.161879479885101318e-01,4.144269227981567383e-01,-4.303055703639984131e-01,2.184985280036926270e-01,1.940584927797317505e-02
-4.324311017990112305e-01,6.344547867774963379e-01,-3.158911764621734619e-01,3.408399820327758789e-01,-5.181307196617126465e-01,3.109042346477508545e-01,9.672369807958602905e-03
-4.380104839801788330e-01,6.926445960998535156e-01,-3.194588124752044678e-01,2.655162811279296875e-01,-5.827859640121459961e-01,3.597763776779174805e-01,2.160977805033326149e-03
-4.321103692054748535e-01,7.308250665664672852e-01,-3.234832584857940674e-01,1.998145431280136108e-01,-6.181824803352355957e-01,3.777194023132324219e-01,-2.245188131928443909e-02
-4.035031795501708984e-01,7.493453621864318848e-01,-3.415312469005584717e-01,1.506687700748443604e-01,-6.381126642227172852e-01,3.790534436702728271e-01,-4.023748263716697693e-02
-3.841419816017150879e-01,7.510232925415039062e-01,-3.490574657917022705e-01,1.256017535924911499e-01,-6.480360031127929688e-01,3.839036822319030762e-01,-3.332967683672904968e-02
-3.869550824165344238e-01,7.431944012641906738e-01,-3.469944596290588379e-01,1.187642067670822144e-01,-6.489613652229309082e-01,3.801915347576141357e-01,-1.272983290255069733e-02
-3.981035351753234863e-01,7.349477410316467285e-01,-3.447869122028350830e-01,1.202019974589347839e-01,-6.476701498031616211e-01,3.649044632911682129e-01,1.750535704195499420e-02
-4.055196642875671387e-01,7.263369560241699219e-01,-3.498806357383728027e-01,1.249285265803337097e-01,-6.463813781738281250e-01,3.529597222805023193e-01,5.446867644786834717e-02
-4.108010232448577881e-01,7.226459383964538574e-01,-3.551962971687316895e-01,1.218053326010704041e-01,-6.486217379570007324e-01,3.462856113910675049e-01,1.019209846854209900e-01
-4.133116602897644043e-01,7.297866344451904297e-01,-3.524498343467712402e-01,1.077807843685150146e-01,-6.544700860977172852e-01,3.425293564796447754e-01,1.486645042896270752e-01
-4.129395484924316406e-01,7.443712353706359863e-01,-3.457192182540893555e-01,8.111639320850372314e-02,-6.622657775878906250e-01,3.408111929893493652e-01,1.749024838209152222e-01
-4.082667231559753418e-01,7.582553625106811523e-01,-3.401408791542053223e-01,5.258100479841232300e-02,-6.663247942924499512e-01,3.473180532455444336e-01,1.764860451221466064e-01
-4.019480049610137939e-01,7.680387496948242188e-01,-3.371086716651916504e-01,3.298702463507652283e-02,-6.656916737556457520e-01,3.557357490062713623e-01,1.660630255937576294e-01
-3.992570042610168457e-01,7.753376364707946777e-01,-3.384692966938018799e-01,2.359474822878837585e-02,-6.627780199050903320e-01,3.604054152965545654e-01,1.585784852504730225e-01
-3.994202315807342529e-01,7.832626700401306152e-01,-3.349107205867767334e-01,1.770955510437488556e-02,-6.647132039070129395e-01,3.582341074943542480e-01,1.556476056575775146e-01
-3.936788439750671387e-01,7.891971468925476074e-01,-3.261029720306396484e-01,1.532596535980701447e-02,-6.725232601165771484e-01,3.627110719680786133e-01,1.597106307744979858e-01
-3.769237399101257324e-01,7.832229137420654297e-01,-3.271047770977020264e-01,2.952068299055099487e-02,-6.780984997749328613e-01,3.932368755340576172e-01,1.689334511756896973e-01
-3.449116349220275879e-01,7.473836541175842285e-01,-3.288302719593048096e-01,4.995434731245040894e-02,-6.668322086334228516e-01,4.252010583877563477e-01,1.645123958587646484e-01
-3.027853965759277344e-01,6.594083905220031738e-01,-3.235437870025634766e-01,5.266087874770164490e-02,-6.395276784896850586e-01,4.346131980419158936e-01,1.671036928892135620e-01
-2.716169953346252441e-01,5.569902658462524414e-01,-3.247028589248657227e-01,5.029153451323509216e-02,-6.054260730743408203e-01,4.396995604038238525e-01,1.660768836736679077e-01
-2.572097778320312500e-01,4.532199203968048096e-01,-3.373684883117675781e-01,6.016684696078300476e-02,-5.616878271102905273e-01,4.000027775764465332e-01,1.770730763673782349e-01
-2.722122371196746826e-01,3.396076858043670654e-01,-3.299463391304016113e-01,6.786029040813446045e-02,-5.088782906532287598e-01,3.188380599021911621e-01,2.496947646141052246e-01
-2.695069313049316406e-01,2.482870221138000488e-01,-3.282995223999023438e-01,5.923466384410858154e-02,-4.655461311340332031e-01,2.202552407979965210e-01,3.512307107448577881e-01
-2.702071666717529297e-01,1.877774894237518311e-01,-3.227641880512237549e-01,4.171366617083549500e-02,-4.479368627071380615e-01,1.304971277713775635e-01,4.541250169277191162e-01
-2.681751251220703125e-01,1.532964855432510376e-01,-3.318942785263061523e-01,3.662440925836563110e-02,-4.446300268173217773e-01,7.095570117235183716e-02,5.239404439926147461e-01
-2.626753151416778564e-01,1.402628868818283081e-01,-3.374164700508117676e-01,3.661028295755386353e-02,-4.442192316055297852e-01,4.588556662201881409e-02,5.439068675041198730e-01
-2.655955553054809570e-01,1.356330811977386475e-01,-3.317525088787078857e-01,3.461708128452301025e-02,-4.443534314632415771e-01,4.393099620938301086e-02,5.320740938186645508e-01
-2.678986787796020508e-01,1.283338218927383423e-01,-3.318716585636138916e-01,3.104814700782299042e-02,-4.393920004367828369e-01,5.199309810996055603e-02,5.113019943237304688e-01
-2.687144577503204346e-01,1.223735064268112183e-01,-3.335434198379516602e-01,2.607855200767517090e-02,-4.329859316349029541e-01,5.689079686999320984e-02,5.008578300476074219e-01
-2.701981067657470703e-01,1.202589347958564758e-01,-3.338209390640258789e-01,2.006011456251144409e-02,-4.289291799068450928e-01,5.744844675064086914e-02,5.041401982307434082e-01
-2.720688283443450928e-01,1.212168335914611816e-01,-3.326925933361053467e-01,1.535888575017452240e-02,-4.284684658050537109e-01,5.662550777196884155e-02,5.137615799903869629e-01
-2.731337845325469971e-01,1.230268776416778564e-01,-3.323476314544677734e-01,1.362007763236761093e-02,-4.298381507396697998e-01,5.856122821569442749e-02,5.212689638137817383e-01
-2.734753489494323730e-01,1.240907311439514160e-01,-3.332355916500091553e-01,1.564313285052776337e-02,-4.330172240734100342e-01,6.264091283082962036e-02,5.250204205513000488e-01
-2.729637324810028076e-01,1.229529902338981628e-01,-3.365028500556945801e-01,1.914023794233798981e-02,-4.357039034366607666e-01,6.786594539880752563e-02,5.263809561729431152e-01
-2.721017599105834961e-01,1.224961355328559875e-01,-3.404311239719390869e-01,2.230137400329113007e-02,-4.388332962989807129e-01,7.140739262104034424e-02,5.282059311866760254e-01
-2.710422575473785400e-01,1.238282248377799988e-01,-3.430366516113281250e-01,2.416095323860645294e-02,-4.425629973411560059e-01,7.303518801927566528e-02,5.307199954986572266e-01
-2.695843279361724854e-01,1.266581565141677856e-01,-3.432804942131042480e-01,2.470815367996692657e-02,-4.465467929840087891e-01,7.348135113716125488e-02,5.326560139656066895e-01
-2.678091824054718018e-01,1.299556046724319458e-01,-3.414115905761718750e-01,2.416616119444370270e-02,-4.503241181373596191e-01,7.324285805225372314e-02,5.330712795257568359e-01
-2.661879360675811768e-01,1.331758201122283936e-01,-3.382655978202819824e-01,2.243132144212722778e-02,-4.537890851497650146e-01,7.227186113595962524e-02,5.319387912750244141e-01
-2.650716602802276611e-01,1.362904310226440430e-01,-3.347811996936798096e-01,1.944456622004508972e-02,-4.569525122642517090e-01,7.050925493240356445e-02,5.296022295951843262e-01
-2.643449604511260986e-01,1.392460912466049194e-01,-3.317436277866363525e-01,1.559771876782178879e-02,-4.594467580318450928e-01,6.834316253662109375e-02,5.261074304580688477e-01
