-4.344842731952667236e-01,3.706485331058502197e-01,-6.629524286836385727e-03,-7.455875724554061890e-02,-2.878306806087493896e-01,-2.571953833103179932e-01,6.667058467864990234e-01
-4.282868802547454834e-01,3.683584928512573242e-01,-6.711291149258613586e-03,-8.661514520645141602e-02,-2.744591534137725830e-01,-2.593908011913299561e-01,6.383383870124816895e-01
-4.276698529720306396e-01,3.707345724105834961e-01,-1.136941742151975632e-02,-6.897233426570892334e-02,-2.715539634227752686e-01,-2.453024089336395264e-01,6.555982232093811035e-01
-4.335032403469085693e-01,3.689031898975372314e-01,-1.078689564019441605e-02,-6.939667463302612305e-02,-2.795686721801757812e-01,-2.389198392629623413e-01,6.685085892677307129e-01
-4.397763907909393311e-01,3.723903894424438477e-01,-9.661610238254070282e-03,-7.596427202224731445e-02,-2.865565717220306396e-01,-2.408534586429595947e-01,6.735832095146179199e-01
-4.413350224494934082e-01,3.740991353988647461e-01,-7.901134900748729706e-03,-7.951724529266357422e-02,-2.877817153930664062e-01,-2.431166917085647583e-01,6.725187301635742188e-01
-4.397340714931488037e-01,3.730017542839050293e-01,-6.990336813032627106e-03,-7.886789739131927490e-02,-2.851835787296295166e-01,-2.415799945592880249e-01,6.685145497322082520e-01
-4.383231997489929199e-01,3.711366653442382812e-01,-7.179585285484790802e-03,-7.595555484294891357e-02,-2.827129364013671875e-01,-2.369357198476791382e-01,6.651589870452880859e-01
-4.385356605052947998e-01,3.698063790798187256e-01,-7.799624465405941010e-03,-7.330612838268280029e-02,-2.820830643177032471e-01,-2.323903292417526245e-01,6.644805073738098145e-01
-4.398583173751831055e-01,3.697607219219207764e-01,-8.369009941816329956e-03,-7.244934886693954468e-02,-2.826403677463531494e-01,-2.311566025018692017e-01,6.660557985305786133e-01
-4.411599636077880859e-01,3.709761500358581543e-01,-8.913611993193626404e-03,-7.325605303049087524e-02,-2.830992639064788818e-01,-2.345937490463256836e-01,6.681990027427673340e-01
-4.417386651039123535e-01,3.728793561458587646e-01,-9.450663812458515167e-03,-7.459899783134460449e-02,-2.828271090984344482e-01,-2.414385378360748291e-01,6.690583229064941406e-01
-4.413419663906097412e-01,3.750755786895751953e-01,-9.598806500434875488e-03,-7.477193325757980347e-02,-2.820835411548614502e-01,-2.492450475692749023e-01,6.676020622253417969e-01
-4.402576386928558350e-01,3.770241439342498779e-01,-9.466110728681087494e-03,-7.298386842012405396e-02,-2.810671925544738770e-01,-2.558113038539886475e-01,6.641123294830322266e-01
-4.387007355690002441e-01,3.786688745021820068e-01,-9.274435229599475861e-03,-6.989644467830657959e-02,-2.802469432353973389e-01,-2.596924304962158203e-01,6.600986719131469727e-01
-4.366737604141235352e-01,3.793686330318450928e-01,-9.369569830596446991e-03,-6.734775751829147339e-02,-2.798499166965484619e-01,-2.604398429393768311e-01,6.568944454193115234e-01
-4.344390630722045898e-01,3.793854117393493652e-01,-9.023951366543769836e-03,-6.754746288061141968e-02,-2.802690863609313965e-01,-2.585601210594177246e-01,6.552455425262451172e-01
-4.327458143234252930e-01,3.790426850318908691e-01,-7.583413273096084595e-03,-7.161699980497360229e-02,-2.818138897418975830e-01,-2.551501393318176270e-01,6.554677486419677734e-01
-4.321731030941009521e-01,3.792079687118530273e-01,-4.939616657793521881e-03,-7.806279510259628296e-02,-2.840195298194885254e-01,-2.511765360832214355e-01,6.576077938079833984e-01
-4.327759146690368652e-01,3.801645934581756592e-01,-2.187436679378151894e-03,-8.432666212320327759e-02,-2.855239510536193848e-01,-2.475111782550811768e-01,6.608702540397644043e-01
-4.340312182903289795e-01,3.814727663993835449e-01,-3.761462576221674681e-04,-8.794774115085601807e-02,-2.848646640777587891e-01,-2.447833418846130371e-01,6.641761660575866699e-01
-4.353272616863250732e-01,3.816156685352325439e-01,-7.382779149338603020e-04,-8.742592483758926392e-02,-2.808013558387756348e-01,-2.428700923919677734e-01,6.666218638420104980e-01
-4.364030659198760986e-01,3.790478408336639404e-01,-4.644149914383888245e-03,-8.198591321706771851e-02,-2.720155417919158936e-01,-2.412801831960678101e-01,6.686122417449951172e-01
-4.371293485164642334e-01,3.711667656898498535e-01,-1.445914804935455322e-02,-7.052795588970184326e-02,-2.560559511184692383e-01,-2.386534065008163452e-01,6.716871261596679688e-01
-4.377368092536926270e-01,3.556684553623199463e-01,-3.196801990270614624e-02,-5.143219605088233948e-02,-2.292382568120956421e-01,-2.355251461267471313e-01,6.768798232078552246e-01
-4.377735853195190430e-01,3.308278024196624756e-01,-5.831215158104896545e-02,-2.425803802907466888e-02,-1.888558715581893921e-01,-2.332137674093246460e-01,6.832352280616760254e-01
-4.364290833473205566e-01,2.968604266643524170e-01,-9.165256470441818237e-02,8.814220316708087921e-03,-1.357836574316024780e-01,-2.330409288406372070e-01,6.883442997932434082e-01
-4.333533346652984619e-01,2.599040865898132324e-01,-1.257652193307876587e-01,4.201411455869674683e-02,-7.768636196851730347e-02,-2.365653365850448608e-01,6.905201673507690430e-01
-4.280875921249389648e-01,2.255092859268188477e-01,-1.566699892282485962e-01,7.351655513048171997e-02,-2.323761954903602600e-02,-2.425320595502853394e-01,6.900369524955749512e-01
-4.229492247104644775e-01,1.972935050725936890e-01,-1.811511814594268799e-01,1.018938720226287842e-01,2.162456884980201721e-02,-2.496979534626007080e-01,6.872081160545349121e-01
-4.200598299503326416e-01,1.769411414861679077e-01,-1.986614465713500977e-01,1.270741671323776245e-01,5.562597513198852539e-02,-2.523727416992187500e-01,6.841440796852111816e-01
-4.199774563312530518e-01,1.697310805320739746e-01,-2.081935703754425049e-01,1.479691416025161743e-01,7.477125525474548340e-02,-2.496215999126434326e-01,6.821773648262023926e-01
-4.218252003192901611e-01,1.740637719631195068e-01,-2.136710435152053833e-01,1.584687232971191406e-01,7.796173542737960815e-02,-2.421543896198272705e-01,6.815615892410278320e-01
-4.204025566577911377e-01,1.849946379661560059e-01,-2.184053361415863037e-01,1.608843058347702026e-01,7.065386325120925903e-02,-2.282295078039169312e-01,6.804211735725402832e-01
-4.151464104652404785e-01,1.981357187032699585e-01,-2.219085395336151123e-01,1.579278856515884399e-01,6.136104464530944824e-02,-2.137612551450729370e-01,6.754305958747863770e-01
-4.100213050842285156e-01,2.082244753837585449e-01,-2.250575125217437744e-01,1.549993902444839478e-01,5.954870954155921936e-02,-2.063829898834228516e-01,6.695951819419860840e-01
-4.112919867038726807e-01,2.130578160285949707e-01,-2.280524075031280518e-01,1.548805534839630127e-01,6.559200584888458252e-02,-2.073411792516708374e-01,6.696878671646118164e-01
-4.212408363819122314e-01,2.225592434406280518e-01,-2.241192013025283813e-01,1.559005975723266602e-01,6.801825016736984253e-02,-2.139714956283569336e-01,6.777480840682983398e-01
-4.296903014183044434e-01,2.351914793252944946e-01,-2.158044129610061646e-01,1.629273742437362671e-01,6.599558144807815552e-02,-2.179911732673645020e-01,6.870303153991699219e-01
-4.306775033473968506e-01,2.364396899938583374e-01,-2.089251875877380371e-01,1.768407672643661499e-01,6.886842101812362671e-02,-2.111514061689376831e-01,6.912185549736022949e-01
-4.249735176563262939e-01,2.347222864627838135e-01,-2.039584070444107056e-01,1.921904534101486206e-01,7.114421576261520386e-02,-2.016231715679168701e-01,6.880499124526977539e-01
-4.210294187068939209e-01,2.350227385759353638e-01,-2.038066536188125610e-01,2.023793905973434448e-01,6.762263923883438110e-02,-1.931553333997726440e-01,6.805814504623413086e-01
-4.207729697227478027e-01,2.367504984140396118e-01,-2.046580314636230469e-01,2.153128832578659058e-01,5.538549646735191345e-02,-1.863728165626525879e-01,6.718160510063171387e-01
-4.232980906963348389e-01,2.362054437398910522e-01,-2.016676068305969238e-01,2.345763444900512695e-01,3.980337828397750854e-02,-1.822986304759979248e-01,6.589438319206237793e-01
-4.268747866153717041e-01,2.357981055974960327e-01,-1.944272220134735107e-01,2.601082921028137207e-01,1.758261211216449738e-02,-1.849032044410705566e-01,6.336418390274047852e-01
-4.311383366584777832e-01,2.373759001493453979e-01,-1.898809373378753662e-01,2.942538261413574219e-01,-2.478089556097984314e-02,-1.959768980741500854e-01,5.830764174461364746e-01
-4.351598024368286133e-01,2.435131818056106567e-01,-1.930340826511383057e-01,3.293870091438293457e-01,-8.974547684192657471e-02,-2.050045430660247803e-01,4.925315082073211670e-01
-4.369074702262878418e-01,2.473266124725341797e-01,-2.012283205986022949e-01,3.545159399509429932e-01,-1.507007032632827759e-01,-2.065946757793426514e-01,3.805752694606781006e-01
-4.382002353668212891e-01,2.493539005517959595e-01,-2.081240117549896240e-01,3.619237542152404785e-01,-1.929041296243667603e-01,-2.095994055271148682e-01,2.848329842090606689e-01
-4.429875910282135010e-01,2.593570351600646973e-01,-2.141875773668289185e-01,3.538252115249633789e-01,-2.267002463340759277e-01,-2.139524370431900024e-01,2.267311215400695801e-01
-4.448934793472290039e-01,2.803459167480468750e-01,-2.214823067188262939e-01,3.426703512668609619e-01,-2.561516761779785156e-01,-2.149655073881149292e-01,1.927712112665176392e-01
-4.396965205669403076e-01,2.932203412055969238e-01,-2.353480309247970581e-01,3.404578864574432373e-01,-2.722771167755126953e-01,-2.139043062925338745e-01,1.807208359241485596e-01
-4.335778951644897461e-01,3.086149990558624268e-01,-2.433398962020874023e-01,3.398166298866271973e-01,-2.827810049057006836e-01,-2.099141478538513184e-01,1.853989958763122559e-01
-4.302024245262145996e-01,3.334201872348785400e-01,-2.555477917194366455e-01,3.443505167961120605e-01,-2.845642268657684326e-01,-2.048334032297134399e-01,1.926131844520568848e-01
-4.317095577716827393e-01,3.785719871520996094e-01,-2.686807811260223389e-01,3.509759604930877686e-01,-2.822609841823577881e-01,-2.045960128307342529e-01,1.985062658786773682e-01
-4.342807829380035400e-01,4.239613711833953857e-01,-2.745038866996765137e-01,3.491275608539581299e-01,-3.006027340888977051e-01,-2.130373269319534302e-01,2.055325359106063843e-01
-4.312864243984222412e-01,4.625698328018188477e-01,-2.716435790061950684e-01,3.383588194847106934e-01,-3.386460244655609131e-01,-2.142907381057739258e-01,2.005347758531570435e-01
-4.254758059978485107e-01,4.874123930931091309e-01,-2.714268565177917480e-01,3.350006937980651855e-01,-3.684906661510467529e-01,-1.932001858949661255e-01,1.802405714988708496e-01
-4.216528534889221191e-01,5.090597271919250488e-01,-2.703788876533508301e-01,3.363465070724487305e-01,-3.934749662876129150e-01,-1.501341015100479126e-01,1.541167944669723511e-01
-4.238829016685485840e-01,5.455467700958251953e-01,-2.635352611541748047e-01,3.194694519042968750e-01,-4.341277778148651123e-01,-8.404571563005447388e-02,1.354031860828399658e-01
-4.307141900062561035e-01,5.896096825599670410e-01,-2.565265893936157227e-01,2.825238704681396484e-01,-4.821734726428985596e-01,-1.698921248316764832e-02,1.277256309986114502e-01
-4.386032819747924805e-01,6.452123522758483887e-01,-2.510841488838195801e-01,2.273484766483306885e-01,-5.320956110954284668e-01,2.484408952295780182e-02,1.212379783391952515e-01
-4.443513453006744385e-01,7.001699209213256836e-01,-2.422515153884887695e-01,1.741807907819747925e-01,-5.712717175483703613e-01,5.269988626241683960e-02,1.198737397789955139e-01
-4.428054988384246826e-01,7.423186898231506348e-01,-2.315160930156707764e-01,1.389841884374618530e-01,-5.975454449653625488e-01,7.240543514490127563e-02,1.190487220883369446e-01
-4.332109689712524414e-01,7.628952860832214355e-01,-2.308289110660552979e-01,1.190072819590568542e-01,-6.053944826126098633e-01,8.039869368076324463e-02,1.059057489037513733e-01
-4.236085712909698486e-01,7.705447673797607422e-01,-2.378295361995697021e-01,9.967333078384399414e-02,-6.021201014518737793e-01,8.117753267288208008e-02,8.794717490673065186e-02
-4.261597096920013428e-01,7.755424976348876953e-01,-2.420182228088378906e-01,7.730456441640853882e-02,-5.995768308639526367e-01,7.467515021562576294e-02,8.693316578865051270e-02
-4.347475469112396240e-01,7.842379212379455566e-01,-2.467737942934036255e-01,5.909271165728569031e-02,-5.969358086585998535e-01,6.137288734316825867e-02,1.028152778744697571e-01
-4.387641251087188721e-01,7.963029146194458008e-01,-2.496977299451828003e-01,4.503607004880905151e-02,-5.889700651168823242e-01,3.894938156008720398e-02,1.153071150183677673e-01
-4.355746209621429443e-01,8.094739913940429688e-01,-2.470424771308898926e-01,3.219233080744743347e-02,-5.778075456619262695e-01,1.886617764830589294e-02,1.142611056566238403e-01
-4.279916286468505859e-01,8.189208507537841797e-01,-2.426721453666687012e-01,2.461498975753784180e-02,-5.658933520317077637e-01,1.171924080699682236e-02,9.873002767562866211e-02
-4.197573363780975342e-01,8.210254311561584473e-01,-2.407337725162506104e-01,2.461366727948188782e-02,-5.543798208236694336e-01,1.059576775878667831e-02,7.570099830627441406e-02
-4.143458306789398193e-01,8.164330124855041504e-01,-2.372436672449111938e-01,2.717208117246627808e-02,-5.470821261405944824e-01,1.713074889266863465e-04,5.385560169816017151e-02
-4.125134348869323730e-01,8.090468645095825195e-01,-2.267601490020751953e-01,2.839791402220726013e-02,-5.510994791984558105e-01,-1.612651348114013672e-02,3.668694198131561279e-02
-4.148483872413635254e-01,8.048568964004516602e-01,-2.187090963125228882e-01,4.043853655457496643e-02,-5.690078139305114746e-01,-2.786894887685775757e-02,3.466194495558738708e-02
-4.070757031440734863e-01,7.970095872879028320e-01,-2.127704918384552002e-01,7.241075485944747925e-02,-5.820265412330627441e-01,-3.337524458765983582e-02,3.150534629821777344e-02
-3.860127925872802734e-01,7.659275531768798828e-01,-2.080185860395431519e-01,1.023474633693695068e-01,-5.832214951515197754e-01,-3.462211787700653076e-02,2.628510445356369019e-02
-3.533930182456970215e-01,6.869622468948364258e-01,-1.860980242490768433e-01,1.074978262186050415e-01,-5.784614682197570801e-01,-2.715687081217765808e-02,4.458790645003318787e-02
-3.352723121643066406e-01,5.915488004684448242e-01,-1.597885936498641968e-01,9.145190566778182983e-02,-5.805270671844482422e-01,-2.108999341726303101e-02,6.894087791442871094e-02
-3.269197046756744385e-01,5.069639086723327637e-01,-1.416114568710327148e-01,4.736388847231864929e-02,-5.795013904571533203e-01,-1.253836788237094879e-02,8.423743396997451782e-02
-3.160015940666198730e-01,4.248624145984649658e-01,-1.505654156208038330e-01,-2.024730481207370758e-02,-5.605685114860534668e-01,-1.117757987231016159e-02,9.639626741409301758e-02
-3.178139030933380127e-01,3.817283213138580322e-01,-1.466040760278701782e-01,-9.859472513198852539e-02,-5.535037517547607422e-01,-3.319118171930313110e-02,1.181266382336616516e-01
-3.083409667015075684e-01,3.571363985538482666e-01,-1.555331945419311523e-01,-1.561475247144699097e-01,-5.464847683906555176e-01,-4.983630031347274780e-02,1.344376504421234131e-01
-2.990733087062835693e-01,3.407628238201141357e-01,-1.610483676195144653e-01,-1.883331984281539917e-01,-5.390142202377319336e-01,-5.630140379071235657e-02,1.470177024602890015e-01
-2.988574802875518799e-01,3.404166698455810547e-01,-1.531125456094741821e-01,-2.009320110082626343e-01,-5.430254936218261719e-01,-5.839383974671363831e-02,1.623099446296691895e-01
-2.946834862232208252e-01,3.502483367919921875e-01,-1.468810290098190308e-01,-2.052635848522186279e-01,-5.521891117095947266e-01,-5.340413376688957214e-02,1.655788123607635498e-01
-2.811185121536254883e-01,3.547098636627197266e-01,-1.484514772891998291e-01,-1.976126134395599365e-01,-5.542934536933898926e-01,-4.136501625180244446e-02,1.523530185222625732e-01
-2.734005153179168701e-01,3.476712107658386230e-01,-1.557729691267013550e-01,-1.892863214015960693e-01,-5.505030751228332520e-01,-3.583127260208129883e-02,1.406254619359970093e-01
-2.743534147739410400e-01,3.423196673393249512e-01,-1.607339680194854736e-01,-1.881455630064010620e-01,-5.478694438934326172e-01,-3.123383037745952606e-02,1.392394006252288818e-01
-2.805829048156738281e-01,3.411085903644561768e-01,-1.621440201997756958e-01,-1.915135532617568970e-01,-5.463816523551940918e-01,-2.737577818334102631e-02,1.458839178085327148e-01
-2.872320413589477539e-01,3.424189686775207520e-01,-1.614434123039245605e-01,-1.957740187644958496e-01,-5.442677140235900879e-01,-2.690015174448490143e-02,1.556419730186462402e-01
-2.906566560268402100e-01,3.445289134979248047e-01,-1.610807329416275024e-01,-1.999271214008331299e-01,-5.408245325088500977e-01,-2.945422008633613586e-02,1.643066853284835815e-01
-2.903347015380859375e-01,3.467758297920227051e-01,-1.619847267866134644e-01,-2.047852575778961182e-01,-5.369753837585449219e-01,-3.291867673397064209e-02,1.699346303939819336e-01
-2.876524329185485840e-01,3.490906953811645508e-01,-1.633930951356887817e-01,-2.097146660089492798e-01,-5.343158841133117676e-01,-3.512085974216461182e-02,1.725180298089981079e-01
-2.842266559600830078e-01,3.505920469760894775e-01,-1.645358502864837646e-01,-2.141249775886535645e-01,-5.326355695724487305e-01,-3.553862497210502625e-02,1.716366559267044067e-01
-2.810028493404388428e-01,3.507931828498840332e-01,-1.654173582792282104e-01,-2.178155183792114258e-01,-5.312602519989013672e-01,-3.550941124558448792e-02,1.675993055105209351e-01
-2.783584594726562500e-01,3.506779372692108154e-01,-1.662858873605728149e-01,-2.204225510358810425e-01,-5.303730368614196777e-01,-3.660037741065025330e-02,1.628329455852508545e-01
-2.767256200313568115e-01,3.512513041496276855e-01,-1.675279438495635986e-01,-2.221958786249160767e-01,-5.305715799331665039e-01,-3.927661851048469543e-02,1.592610031366348267e-01
-2.761653065681457520e-01,3.527831137180328369e-01,-1.690844595432281494e-01,-2.231854945421218872e-01,-5.322134494781494141e-01,-4.310666024684906006e-02,1.573745757341384888e-01
-2.762731611728668213e-01,3.544834554195404053e-01,-1.706480234861373901e-01,-2.232568413019180298e-01,-5.348378419876098633e-01,-4.710800945758819580e-02,1.562484204769134521e-01
-2.765595018863677979e-01,3.552217781543731689e-01,-1.720014959573745728e-01,-2.223620414733886719e-01,-5.374595522880554199e-01,-5.041775107383728027e-02,1.548739224672317505e-01
-2.768373191356658936e-01,3.543488383293151855e-01,-1.731659173965454102e-01,-2.207581549882888794e-01,-5.392469167709350586e-01,-5.272650718688964844e-02,1.532251536846160889e-01
-2.771930694580078125e-01,3.520151376724243164e-01,-1.742723882198333740e-01,-2.189400941133499146e-01,-5.399470329284667969e-01,-5.419123172760009766e-02,1.520742923021316528e-01
-2.777050733566284180e-01,3.489035069942474365e-01,-1.753997206687927246e-01,-2.173184305429458618e-01,-5.398100614547729492e-01,-5.503433197736740112e-02,1.520532518625259399e-01
-2.783183157444000244e-01,3.457443714141845703e-01,-1.765076518058776855e-01,-2.160104960203170776e-01,-5.392717719078063965e-01,-5.531749129295349121e-02,1.530593186616897583e-01
-2.789279520511627197e-01,3.429987728595733643e-01,-1.774959117174148560e-01,-2.149155586957931519e-01,-5.387030839920043945e-01,-5.501458421349525452e-02,1.544401049613952637e-01
-2.794777452945709229e-01,3.408369123935699463e-01,-1.782914549112319946e-01,-2.139099538326263428e-01,-5.383270382881164551e-01,-5.413804948329925537e-02,1.555456370115280151e-01
-2.799827456474304199e-01,3.392930328845977783e-01,-1.788604259490966797e-01,-2.129584103822708130e-01,-5.382483005523681641e-01,-5.275297164916992188e-02,1.560930907726287842e-01
-2.804866731166839600e-01,3.383713662624359131e-01,-1.791796386241912842e-01,-2.120891809463500977e-01,-5.384907722473144531e-01,-5.093830078840255737e-02,1.561543494462966919e-01
-2.810110449790954590e-01,3.380264043807983398e-01,-1.792316138744354248e-01,-2.113200277090072632e-01,-5.389981865882873535e-01,-4.879269376397132874e-02,1.559335887432098389e-01
-2.815466225147247314e-01,3.381174206733703613e-01,-1.790180206298828125e-01,-2.106324434280395508e-01,-5.396415591239929199e-01,-4.648090898990631104e-02,1.555907279253005981e-01
-2.820836901664733887e-01,3.384312093257904053e-01,-1.785725355148315430e-01,-2.100061029195785522e-01,-5.402682423591613770e-01,-4.425572976469993591e-02,1.552165746688842773e-01
-2.826387584209442139e-01,3.387603759765625000e-01,-1.779607385396957397e-01,-2.094583362340927124e-01,-5.407683253288269043e-01,-4.241680353879928589e-02,1.548900604248046875e-01
-2.832474410533905029e-01,3.389723598957061768e-01,-1.772648990154266357e-01,-2.090484946966171265e-01,-5.411086082458496094e-01,-4.122682288289070129e-02,1.547054052352905273e-01
-2.839318811893463135e-01,3.390257060527801514e-01,-1.765648573637008667e-01,-2.088481038808822632e-01,-5.413159132003784180e-01,-4.083413258194923401e-02,1.547334045171737671e-01
-2.846726179122924805e-01,3.389411270618438721e-01,-1.759254187345504761e-01,-2.089029401540756226e-01,-5.414330363273620605e-01,-4.124137386679649353e-02,1.549647450447082520e-01
-2.854093015193939209e-01,3.387614488601684570e-01,-1.753946542739868164e-01,-2.092127352952957153e-01,-5.414854288101196289e-01,-4.232889041304588318e-02,1.552972197532653809e-01
-2.860683500766754150e-01,3.385285139083862305e-01,-1.750065833330154419e-01,-2.097354233264923096e-01,-5.414749383926391602e-01,-4.390792921185493469e-02,1.555806994438171387e-01
-2.865965068340301514e-01,3.382793664932250977e-01,-1.747818440198898315e-01,-2.104047089815139771e-01,-5.413956642150878906e-01,-4.577382653951644897e-02,1.556856483221054077e-01
-2.869796752929687500e-01,3.380511701107025146e-01,-1.747250556945800781e-01,-2.111478894948959351e-01,-5.412509441375732422e-01,-4.773988947272300720e-02,1.555485874414443970e-01
