-4.344433844089508057e-01,3.705430626869201660e-01,-6.366361398249864578e-03,-7.452499121427536011e-02,-2.878238856792449951e-01,-2.583037316799163818e-01,6.679556965827941895e-01
-4.195231199264526367e-01,3.399398922920227051e-01,-1.438955776393413544e-03,-6.608017534017562866e-02,-2.821551859378814697e-01,-2.342679053544998169e-01,6.493201255798339844e-01
-4.298219382762908936e-01,3.597564697265625000e-01,-5.543275736272335052e-03,-6.575436890125274658e-02,-2.799755930900573730e-01,-2.577522099018096924e-01,6.604635715484619141e-01
-4.361043572425842285e-01,3.657563924789428711e-01,-8.715443313121795654e-03,-7.036323845386505127e-02,-2.932572364807128906e-01,-2.504773139953613281e-01,6.716240048408508301e-01
-4.392859041690826416e-01,3.737198114395141602e-01,-6.168587598949670792e-03,-7.469675689935684204e-02,-2.970151305198669434e-01,-2.456028163433074951e-01,6.752989292144775391e-01
-4.380748271942138672e-01,3.748906254768371582e-01,-3.985213581472635269e-03,-7.358933985233306885e-02,-2.898243367671966553e-01,-2.436418384313583374e-01,6.734982132911682129e-01
-4.366460740566253662e-01,3.707248866558074951e-01,-4.398388788104057312e-03,-6.949494034051895142e-02,-2.827348411083221436e-01,-2.427098006010055542e-01,6.698513031005859375e-01
-4.370284080505371094e-01,3.659901320934295654e-01,-5.939399823546409607e-03,-6.757161766290664673e-02,-2.808036506175994873e-01,-2.414739876985549927e-01,6.664725542068481445e-01
-4.377574324607849121e-01,3.637752830982208252e-01,-6.638951599597930908e-03,-7.027538865804672241e-02,-2.820705175399780273e-01,-2.411191612482070923e-01,6.642323136329650879e-01
-4.372779726982116699e-01,3.648969829082489014e-01,-6.319830659776926041e-03,-7.527150213718414307e-02,-2.834357321262359619e-01,-2.424265444278717041e-01,6.636548042297363281e-01
-4.357913732528686523e-01,3.688298463821411133e-01,-5.912850145250558853e-03,-7.960469275712966919e-02,-2.845422029495239258e-01,-2.441782504320144653e-01,6.653406023979187012e-01
-4.342604875564575195e-01,3.739410042762756348e-01,-6.125444080680608749e-03,-8.182889223098754883e-02,-2.855579257011413574e-01,-2.447739690542221069e-01,6.685779690742492676e-01
-4.335219562053680420e-01,3.784601688385009766e-01,-7.076739799231290817e-03,-8.238045126199722290e-02,-2.861017882823944092e-01,-2.446999102830886841e-01,6.713168025016784668e-01
-4.333061873912811279e-01,3.816823363304138184e-01,-8.395320735871791840e-03,-8.186755329370498657e-02,-2.858060002326965332e-01,-2.447879463434219360e-01,6.720334887504577637e-01
-4.331287145614624023e-01,3.836580514907836914e-01,-9.810554794967174530e-03,-8.050052821636199951e-02,-2.841784656047821045e-01,-2.452856451272964478e-01,6.708335876464843750e-01
-4.331088364124298096e-01,3.848068416118621826e-01,-1.101833116263151169e-02,-7.910245656967163086e-02,-2.823206782341003418e-01,-2.459801137447357178e-01,6.691235899925231934e-01
-4.332100152969360352e-01,3.853009343147277832e-01,-1.207209471613168716e-02,-7.830488681793212891e-02,-2.805652022361755371e-01,-2.457450926303863525e-01,6.681025028228759766e-01
-4.334120154380798340e-01,3.857910037040710449e-01,-1.247887406498193741e-02,-7.810535281896591187e-02,-2.795000970363616943e-01,-2.444488108158111572e-01,6.682142615318298340e-01
-4.337580502033233643e-01,3.863867819309234619e-01,-1.206948235630989075e-02,-7.851041108369827271e-02,-2.793059349060058594e-01,-2.423760890960693359e-01,6.687321662902832031e-01
-4.341457188129425049e-01,3.874237239360809326e-01,-1.014636643230915070e-02,-7.890550792217254639e-02,-2.799813747406005859e-01,-2.405719608068466187e-01,6.688458323478698730e-01
-4.347953796386718750e-01,3.886109888553619385e-01,-6.663656327873468399e-03,-7.926883548498153687e-02,-2.814314961433410645e-01,-2.395671904087066650e-01,6.680091619491577148e-01
-4.358534812927246094e-01,3.892765939235687256e-01,-2.623579232022166252e-03,-7.915771752595901489e-02,-2.828446924686431885e-01,-2.391429245471954346e-01,6.665594577789306641e-01
-4.373445510864257812e-01,3.879370093345642090e-01,8.972873911261558533e-05,-7.763658463954925537e-02,-2.824781239032745361e-01,-2.391776591539382935e-01,6.655054688453674316e-01
-4.392728209495544434e-01,3.830800354480743408e-01,-2.839390363078564405e-04,-7.314817607402801514e-02,-2.780664861202239990e-01,-2.403438985347747803e-01,6.663129925727844238e-01
-4.415263831615447998e-01,3.729801177978515625e-01,-5.742544308304786682e-03,-6.345005333423614502e-02,-2.662617266178131104e-01,-2.435072660446166992e-01,6.697307825088500977e-01
-4.435988664627075195e-01,3.558063805103302002e-01,-1.850669831037521362e-02,-4.620850086212158203e-02,-2.434575408697128296e-01,-2.485750764608383179e-01,6.749790310859680176e-01
-4.447194933891296387e-01,3.301275074481964111e-01,-4.018890857696533203e-02,-2.048595994710922241e-02,-2.061792165040969849e-01,-2.546381950378417969e-01,6.798349022865295410e-01
-4.450766444206237793e-01,2.959756553173065186e-01,-7.001106441020965576e-02,1.257968693971633911e-02,-1.563586890697479248e-01,-2.614435255527496338e-01,6.826426386833190918e-01
-4.429133832454681396e-01,2.539011240005493164e-01,-1.058842912316322327e-01,5.289665609598159790e-02,-9.810929745435714722e-02,-2.683931589126586914e-01,6.825810670852661133e-01
-4.378043711185455322e-01,2.040411978960037231e-01,-1.439268141984939575e-01,9.577935934066772461e-02,-3.524073585867881775e-02,-2.751327157020568848e-01,6.799125075340270996e-01
-4.326944947242736816e-01,1.529866456985473633e-01,-1.781580001115798950e-01,1.390487849712371826e-01,2.350660599768161774e-02,-2.783745229244232178e-01,6.767454743385314941e-01
-4.277651011943817139e-01,1.192562580108642578e-01,-2.075754106044769287e-01,1.691336482763290405e-01,6.688380241394042969e-02,-2.786040604114532471e-01,6.727665066719055176e-01
-4.216773509979248047e-01,9.694918990135192871e-02,-2.327912151813507080e-01,1.877807080745697021e-01,1.029433086514472961e-01,-2.724295854568481445e-01,6.683625578880310059e-01
-4.154653549194335938e-01,8.895047008991241455e-02,-2.477733045816421509e-01,1.952487230300903320e-01,1.279018074274063110e-01,-2.616078853607177734e-01,6.660609841346740723e-01
-4.084340333938598633e-01,9.149556607007980347e-02,-2.588166594505310059e-01,1.938787251710891724e-01,1.396227031946182251e-01,-2.511877119541168213e-01,6.666720509529113770e-01
-4.023605287075042725e-01,9.348700195550918579e-02,-2.696582674980163574e-01,1.899221092462539673e-01,1.505979597568511963e-01,-2.501603662967681885e-01,6.676509976387023926e-01
-3.974106609821319580e-01,9.156735241413116455e-02,-2.819467484951019287e-01,1.892383545637130737e-01,1.682626903057098389e-01,-2.566874921321868896e-01,6.673430800437927246e-01
-3.954225480556488037e-01,9.039630740880966187e-02,-2.967433035373687744e-01,1.949052661657333374e-01,1.854309141635894775e-01,-2.578151226043701172e-01,6.700086593627929688e-01
-3.986400067806243896e-01,1.020588576793670654e-01,-3.077211081981658936e-01,1.940984129905700684e-01,1.856367290019989014e-01,-2.634113729000091553e-01,6.723881959915161133e-01
-3.999116122722625732e-01,1.143612489104270935e-01,-3.170277476310729980e-01,1.936260014772415161e-01,1.792192459106445312e-01,-2.737011015415191650e-01,6.732614040374755859e-01
-3.937826454639434814e-01,1.242366954684257507e-01,-3.264088928699493408e-01,1.933999955654144287e-01,1.749061346054077148e-01,-2.782465517520904541e-01,6.713569164276123047e-01
-3.850927352905273438e-01,1.299685537815093994e-01,-3.353608548641204834e-01,1.948387920856475830e-01,1.808205991983413696e-01,-2.723976373672485352e-01,6.679804325103759766e-01
-3.786246180534362793e-01,1.315614879131317139e-01,-3.408041894435882568e-01,1.969025731086730957e-01,1.934801489114761353e-01,-2.628865838050842285e-01,6.630080342292785645e-01
-3.756915032863616943e-01,1.302421391010284424e-01,-3.407998383045196533e-01,2.002508789300918579e-01,2.004868388175964355e-01,-2.591993212699890137e-01,6.592173576354980469e-01
-3.757460415363311768e-01,1.260081827640533447e-01,-3.388937115669250488e-01,2.061743587255477905e-01,2.015233933925628662e-01,-2.605155706405639648e-01,6.560615897178649902e-01
-3.780710995197296143e-01,1.237514913082122803e-01,-3.360571861267089844e-01,2.140871137380599976e-01,1.941963285207748413e-01,-2.663848400115966797e-01,6.540485620498657227e-01
-3.821908831596374512e-01,1.264341473579406738e-01,-3.330669105052947998e-01,2.213221192359924316e-01,1.778089553117752075e-01,-2.754713892936706543e-01,6.540299654006958008e-01
-3.860509693622589111e-01,1.311747878789901733e-01,-3.303958177566528320e-01,2.291007041931152344e-01,1.550739407539367676e-01,-2.869932055473327637e-01,6.563477516174316406e-01
-3.867037296295166016e-01,1.288428455591201782e-01,-3.286063969135284424e-01,2.405293881893157959e-01,1.349772363901138306e-01,-3.004053235054016113e-01,6.583658456802368164e-01
-3.823829889297485352e-01,1.151225641369819641e-01,-3.272350430488586426e-01,2.559111714363098145e-01,1.257189810276031494e-01,-3.178737461566925049e-01,6.526251435279846191e-01
-3.763873279094696045e-01,9.297800809144973755e-02,-3.276665210723876953e-01,2.789633274078369141e-01,1.324963122606277466e-01,-3.359440863132476807e-01,6.307152509689331055e-01
-3.713228702545166016e-01,7.239121198654174805e-02,-3.314280807971954346e-01,3.131892085075378418e-01,1.395483762025833130e-01,-3.505891859531402588e-01,5.925661921501159668e-01
-3.688237965106964111e-01,5.876880884170532227e-02,-3.419221937656402588e-01,3.560007214546203613e-01,1.276859641075134277e-01,-3.578734695911407471e-01,5.346532464027404785e-01
-3.683392703533172607e-01,5.252443999052047729e-02,-3.562182486057281494e-01,4.011028409004211426e-01,8.112090080976486206e-02,-3.602057695388793945e-01,4.457696974277496338e-01
-3.719543516635894775e-01,5.436183884739875793e-02,-3.661684691905975342e-01,4.384911656379699707e-01,1.161834131926298141e-02,-3.631674349308013916e-01,3.375378847122192383e-01
-3.765063583850860596e-01,7.180723547935485840e-02,-3.646059334278106689e-01,4.563546776771545410e-01,-5.132464691996574402e-02,-3.647589087486267090e-01,2.417851090431213379e-01
-3.771638572216033936e-01,9.555523842573165894e-02,-3.558735251426696777e-01,4.585374891757965088e-01,-9.137260913848876953e-02,-3.644252419471740723e-01,1.550884693861007690e-01
-3.722499608993530273e-01,1.211778372526168823e-01,-3.492537438869476318e-01,4.574362337589263916e-01,-1.223226264119148254e-01,-3.602424263954162598e-01,4.547031223773956299e-02
-3.636204004287719727e-01,1.422402709722518921e-01,-3.534149527549743652e-01,4.629426002502441406e-01,-1.542598754167556763e-01,-3.441785275936126709e-01,-6.939648091793060303e-02
-3.603154420852661133e-01,1.812649816274642944e-01,-3.654729425907135010e-01,4.709914028644561768e-01,-1.912292391061782837e-01,-3.210704028606414795e-01,-1.437409073114395142e-01
-3.602553009986877441e-01,2.256313413381576538e-01,-3.824232220649719238e-01,4.790157079696655273e-01,-2.163142710924148560e-01,-2.942967116832733154e-01,-1.913993060588836670e-01
-3.625661730766296387e-01,2.484437227249145508e-01,-3.955121636390686035e-01,4.825607240200042725e-01,-2.310067564249038696e-01,-2.620653808116912842e-01,-2.279558479785919189e-01
-3.687691688537597656e-01,2.538372278213500977e-01,-3.956308364868164062e-01,4.808010756969451904e-01,-2.434690892696380615e-01,-2.078572660684585571e-01,-2.552093565464019775e-01
-3.737046718597412109e-01,2.778241336345672607e-01,-3.812638521194458008e-01,4.680750370025634766e-01,-2.680825889110565186e-01,-1.306612342596054077e-01,-2.725082635879516602e-01
-3.750167489051818848e-01,3.172061145305633545e-01,-3.743942975997924805e-01,4.507803916931152344e-01,-2.911686897277832031e-01,-6.417763978242874146e-02,-2.952365875244140625e-01
-3.718027174472808838e-01,3.712526261806488037e-01,-3.790419399738311768e-01,4.300094842910766602e-01,-3.069152534008026123e-01,-1.586747728288173676e-02,-3.230827450752258301e-01
-3.685594797134399414e-01,4.243299365043640137e-01,-3.868944048881530762e-01,4.063410758972167969e-01,-3.180107772350311279e-01,3.007037378847599030e-02,-3.413115143775939941e-01
-3.702648580074310303e-01,4.702182412147521973e-01,-3.965250849723815918e-01,3.723123371601104736e-01,-3.251835703849792480e-01,6.749166548252105713e-02,-3.456578552722930908e-01
-3.635924160480499268e-01,5.212975144386291504e-01,-4.036291837692260742e-01,3.065921068191528320e-01,-3.393236100673675537e-01,9.888399392366409302e-02,-3.471844494342803955e-01
-3.549883067607879639e-01,5.666763782501220703e-01,-4.089978635311126709e-01,2.383079081773757935e-01,-3.493987321853637695e-01,1.120111718773841858e-01,-3.572742938995361328e-01
-3.492002487182617188e-01,6.038293838500976562e-01,-4.127967357635498047e-01,1.858754754066467285e-01,-3.502669632434844971e-01,1.144767925143241882e-01,-3.658343553543090820e-01
-3.493480086326599121e-01,6.368662118911743164e-01,-4.119513630867004395e-01,1.459394395351409912e-01,-3.539040684700012207e-01,1.125311329960823059e-01,-3.733842074871063232e-01
-3.513762652873992920e-01,6.627221703529357910e-01,-4.064813852310180664e-01,1.213957741856575012e-01,-3.619143068790435791e-01,1.074739918112754822e-01,-3.800550103187561035e-01
-3.544662594795227051e-01,6.776545643806457520e-01,-4.016297161579132080e-01,1.108804196119308472e-01,-3.694244027137756348e-01,1.026114895939826965e-01,-3.845251798629760742e-01
-3.594628572463989258e-01,6.845836043357849121e-01,-3.972957432270050049e-01,1.064164787530899048e-01,-3.760833144187927246e-01,9.786047041416168213e-02,-3.815398514270782471e-01
-3.634818792343139648e-01,6.886362433433532715e-01,-3.886876404285430908e-01,1.024501249194145203e-01,-3.836228847503662109e-01,9.318193048238754272e-02,-3.758239448070526123e-01
-3.605331480503082275e-01,6.863487958908081055e-01,-3.751681447029113770e-01,9.904113411903381348e-02,-3.894486427307128906e-01,8.668267726898193359e-02,-3.723663687705993652e-01
-3.492693603038787842e-01,6.761192083358764648e-01,-3.712635934352874756e-01,1.128863319754600525e-01,-3.952779769897460938e-01,8.296395838260650635e-02,-3.626492321491241455e-01
-3.302522301673889160e-01,6.517859697341918945e-01,-3.816857039928436279e-01,1.505680382251739502e-01,-4.010538756847381592e-01,8.723053336143493652e-02,-3.523822426795959473e-01
-3.049387037754058838e-01,5.992643833160400391e-01,-3.944663703441619873e-01,1.881043910980224609e-01,-3.994477987289428711e-01,1.011725589632987976e-01,-3.573594987392425537e-01
-2.772602438926696777e-01,4.993583858013153076e-01,-3.958002328872680664e-01,2.076887488365173340e-01,-3.840478956699371338e-01,1.180893480777740479e-01,-3.638898730278015137e-01
-2.561772465705871582e-01,3.569576442241668701e-01,-3.895019292831420898e-01,2.064627856016159058e-01,-3.554798364639282227e-01,1.267471611499786377e-01,-3.617478907108306885e-01
-2.465479522943496704e-01,2.419377118349075317e-01,-3.821283578872680664e-01,1.993153840303421021e-01,-3.244287967681884766e-01,1.250377297401428223e-01,-3.630079329013824463e-01
-2.316845059394836426e-01,1.284126490354537964e-01,-3.970087468624114990e-01,2.010982185602188110e-01,-2.696985304355621338e-01,1.285985410213470459e-01,-3.622045516967773438e-01
-2.365759909152984619e-01,6.350772082805633545e-02,-3.957737684249877930e-01,1.878978908061981201e-01,-2.435244321823120117e-01,1.125244647264480591e-01,-3.236425220966339111e-01
-2.296800613403320312e-01,2.116657793521881104e-02,-4.031169712543487549e-01,1.872626692056655884e-01,-2.257445752620697021e-01,1.037152856588363647e-01,-2.799271643161773682e-01
-2.372459620237350464e-01,3.654800821095705032e-03,-3.998851478099822998e-01,1.765585988759994507e-01,-2.214974611997604370e-01,9.091418236494064331e-02,-2.438096851110458374e-01
-2.372003346681594849e-01,-2.121485304087400436e-03,-3.966769576072692871e-01,1.668344289064407349e-01,-2.201785892248153687e-01,8.815466612577438354e-02,-2.373664081096649170e-01
-2.333233356475830078e-01,-1.190122403204441071e-02,-3.956649303436279297e-01,1.655862331390380859e-01,-2.144011110067367554e-01,8.921712636947631836e-02,-2.438412755727767944e-01
-2.330278754234313965e-01,-1.186898816376924515e-02,-3.915754258632659912e-01,1.672436594963073730e-01,-2.168384641408920288e-01,8.850634843111038208e-02,-2.445952743291854858e-01
-2.348345071077346802e-01,-4.622871521860361099e-03,-3.883381783962249756e-01,1.696279644966125488e-01,-2.282008677721023560e-01,8.709850162267684937e-02,-2.344997674226760864e-01
-2.354052364826202393e-01,-1.228256267495453358e-03,-3.863253891468048096e-01,1.722895950078964233e-01,-2.380824685096740723e-01,8.721153438091278076e-02,-2.218620330095291138e-01
-2.330997437238693237e-01,-4.169700201600790024e-03,-3.843678236007690430e-01,1.752067357301712036e-01,-2.380251139402389526e-01,8.954598009586334229e-02,-2.164238840341567993e-01
-2.294715642929077148e-01,-1.001291349530220032e-02,-3.826789259910583496e-01,1.775375306606292725e-01,-2.297798842191696167e-01,9.364587813615798950e-02,-2.191934138536453247e-01
-2.261481881141662598e-01,-1.517603732645511627e-02,-3.826335668563842773e-01,1.779399365186691284e-01,-2.191648632287979126e-01,9.851259738206863403e-02,-2.259716093540191650e-01
-2.237765640020370483e-01,-1.885403133928775787e-02,-3.848267197608947754e-01,1.764860302209854126e-01,-2.107149809598922729e-01,1.020407602190971375e-01,-2.327341586351394653e-01
-2.218205630779266357e-01,-2.184081263840198517e-02,-3.883152902126312256e-01,1.757128834724426270e-01,-2.055789679288864136e-01,1.031746491789817810e-01,-2.365428507328033447e-01
-2.207766473293304443e-01,-2.553859166800975800e-02,-3.925646245479583740e-01,1.749022603034973145e-01,-2.027111351490020752e-01,1.020020321011543274e-01,-2.390353977680206299e-01
-2.205245494842529297e-01,-2.848940715193748474e-02,-3.961283266544342041e-01,1.752697080373764038e-01,-2.023096829652786255e-01,9.887935221195220947e-02,-2.388892769813537598e-01
-2.213876992464065552e-01,-2.972199022769927979e-02,-3.983975648880004883e-01,1.762485951185226440e-01,-2.042679041624069214e-01,9.506816416978836060e-02,-2.360998243093490601e-01
-2.232338339090347290e-01,-2.903447113931179047e-02,-3.993790745735168457e-01,1.771036833524703979e-01,-2.079960703849792480e-01,9.165515750646591187e-02,-2.314298897981643677e-01
-2.255889624357223511e-01,-2.715219557285308838e-02,-3.994459807872772217e-01,1.775150746107101440e-01,-2.123149186372756958e-01,8.929605036973953247e-02,-2.260856032371520996e-01
-2.279716134071350098e-01,-2.502615377306938171e-02,-3.988920450210571289e-01,1.776496767997741699e-01,-2.160168439149856567e-01,8.808913081884384155e-02,-2.212476581335067749e-01
-2.300460785627365112e-01,-2.326011843979358673e-02,-3.978630304336547852e-01,1.778821647167205811e-01,-2.184278070926666260e-01,8.773442357778549194e-02,-2.176743149757385254e-01
-2.316479384899139404e-01,-2.199918963015079498e-02,-3.964907228946685791e-01,1.784962564706802368e-01,-2.196035236120223999e-01,8.779053390026092529e-02,-2.155129611492156982e-01
-2.327477484941482544e-01,-2.114854380488395691e-02,-3.949788510799407959e-01,1.795422732830047607e-01,-2.201038002967834473e-01,8.789908140897750854e-02,-2.144336700439453125e-01
-2.333573549985885620e-01,-2.066330425441265106e-02,-3.935736119747161865e-01,1.808791160583496094e-01,-2.205248326063156128e-01,8.792254328727722168e-02,-2.139818817377090454e-01
-2.334552109241485596e-01,-2.067989669740200043e-02,-3.924812376499176025e-01,1.822991818189620972e-01,-2.211194932460784912e-01,8.794805407524108887e-02,-2.138643562793731689e-01
-2.330045402050018311e-01,-2.140694111585617065e-02,-3.918086886405944824e-01,1.836157292127609253e-01,-2.217556089162826538e-01,8.815384656190872192e-02,-2.139845043420791626e-01
-2.320335656404495239e-01,-2.290515042841434479e-02,-3.915540575981140137e-01,1.846795529127120972e-01,-2.221672236919403076e-01,8.863104134798049927e-02,-2.142934203147888184e-01
-2.306854426860809326e-01,-2.496800385415554047e-02,-3.916325569152832031e-01,1.853692531585693359e-01,-2.222304195165634155e-01,8.929597586393356323e-02,-2.146643847227096558e-01
-2.291875779628753662e-01,-2.718695439398288727e-02,-3.919155299663543701e-01,1.855936646461486816e-01,-2.220479398965835571e-01,8.993574976921081543e-02,-2.149078249931335449e-01
-2.277674227952957153e-01,-2.911804988980293274e-02,-3.922714591026306152e-01,1.853068917989730835e-01,-2.218484580516815186e-01,9.032196551561355591e-02,-2.148818671703338623e-01
-2.265799790620803833e-01,-3.042113408446311951e-02,-3.925949037075042725e-01,1.845194101333618164e-01,-2.218392193317413330e-01,9.030259400606155396e-02,-2.145805358886718750e-01
-2.256867885589599609e-01,-3.091689385473728180e-02,-3.928193449974060059e-01,1.832981109619140625e-01,-2.221245616674423218e-01,8.983064442873001099e-02,-2.141293883323669434e-01
-2.250815331935882568e-01,-3.058199957013130188e-02,-3.929196596145629883e-01,1.817561984062194824e-01,-2.227058559656143188e-01,8.894189447164535522e-02,-2.137073278427124023e-01
-2.247351408004760742e-01,-2.951884455978870392e-02,-3.929069638252258301e-01,1.800386458635330200e-01,-2.235228717327117920e-01,8.771315962076187134e-02,-2.134505659341812134e-01
-2.246272712945938110e-01,-2.791976556181907654e-02,-3.928217887878417969e-01,1.783026754856109619e-01,-2.244903892278671265e-01,8.622871339321136475e-02,-2.133907228708267212e-01
-2.247510552406311035e-01,-2.602828852832317352e-02,-3.927217423915863037e-01,1.766962707042694092e-01,-2.255144268274307251e-01,8.456815779209136963e-02,-2.134436517953872681e-01
-2.250958532094955444e-01,-2.409812249243259430e-02,-3.926654160022735596e-01,1.753366440534591675e-01,-2.264953702688217163e-01,8.280855417251586914e-02,-2.134491205215454102e-01
