-4.345142841339111328e-01,3.706239461898803711e-01,-6.643159780651330948e-03,-7.449688017368316650e-02,-2.879561483860015869e-01,-2.576145231723785400e-01,6.665363907814025879e-01
-4.283131361007690430e-01,3.768161833286285400e-01,-1.307365717366337776e-03,-8.466231822967529297e-02,-2.793346345424652100e-01,-2.578111290931701660e-01,6.386625766754150391e-01
-4.275726675987243652e-01,3.727330267429351807e-01,-1.176997460424900055e-02,-7.013437896966934204e-02,-2.746503651142120361e-01,-2.428231239318847656e-01,6.528560519218444824e-01
-4.329231679439544678e-01,3.719592094421386719e-01,-1.102222222834825516e-02,-7.277958840131759644e-02,-2.845984995365142822e-01,-2.378440648317337036e-01,6.644234657287597656e-01
-4.389311969280242920e-01,3.764396011829376221e-01,-1.113024447113275528e-02,-8.020574599504470825e-02,-2.921198904514312744e-01,-2.379740476608276367e-01,6.695287227630615234e-01
-4.404780864715576172e-01,3.785396218299865723e-01,-9.857116267085075378e-03,-8.324106782674789429e-02,-2.922354936599731445e-01,-2.370290905237197876e-01,6.692598462104797363e-01
-4.389609098434448242e-01,3.765620291233062744e-01,-8.798528462648391724e-03,-8.118190616369247437e-02,-2.870831489562988281e-01,-2.328704297542572021e-01,6.661296486854553223e-01
-4.376434683799743652e-01,3.728376924991607666e-01,-8.660810068249702454e-03,-7.670471817255020142e-02,-2.813315391540527344e-01,-2.279511243104934692e-01,6.636849045753479004e-01
-4.380527138710021973e-01,3.695037662982940674e-01,-9.210078977048397064e-03,-7.292886823415756226e-02,-2.783639729022979736e-01,-2.250851094722747803e-01,6.637954711914062500e-01
-4.395467936992645264e-01,3.681086897850036621e-01,-9.914952330291271210e-03,-7.188045233488082886e-02,-2.782876789569854736e-01,-2.259445488452911377e-01,6.659759879112243652e-01
-4.408102631568908691e-01,3.685335814952850342e-01,-1.041032932698726654e-02,-7.285438477993011475e-02,-2.789192199707031250e-01,-2.307169437408447266e-01,6.685854196548461914e-01
-4.410129785537719727e-01,3.706698417663574219e-01,-1.055697351694107056e-02,-7.458328455686569214e-02,-2.796157896518707275e-01,-2.382088452577590942e-01,6.694248914718627930e-01
-4.400420486927032471e-01,3.736569285392761230e-01,-1.021596789360046387e-02,-7.488816976547241211e-02,-2.800297141075134277e-01,-2.465277612209320068e-01,6.677690744400024414e-01
-4.384248852729797363e-01,3.765385150909423828e-01,-9.682585485279560089e-03,-7.276538759469985962e-02,-2.800267636775970459e-01,-2.535291016101837158e-01,6.643203496932983398e-01
-4.365176558494567871e-01,3.785806596279144287e-01,-9.492145851254463196e-03,-6.929769366979598999e-02,-2.799690365791320801e-01,-2.575055956840515137e-01,6.604110002517700195e-01
-4.344236850738525391e-01,3.793682456016540527e-01,-9.506792761385440826e-03,-6.675335019826889038e-02,-2.800862491130828857e-01,-2.581844627857208252e-01,6.572510600090026855e-01
-4.324052929878234863e-01,3.787515759468078613e-01,-9.065610356628894806e-03,-6.703570485115051270e-02,-2.804091274738311768e-01,-2.562718093395233154e-01,6.555161476135253906e-01
-4.310199320316314697e-01,3.773436546325683594e-01,-7.635756395757198334e-03,-7.067828625440597534e-02,-2.810406684875488281e-01,-2.530003190040588379e-01,6.555027365684509277e-01
-4.308073222637176514e-01,3.762476146221160889e-01,-5.332185886800289154e-03,-7.631810754537582397e-02,-2.817272543907165527e-01,-2.497357875108718872e-01,6.571974754333496094e-01
-4.316653013229370117e-01,3.756986558437347412e-01,-3.350812243297696114e-03,-8.160579204559326172e-02,-2.815332710742950439e-01,-2.469397187232971191e-01,6.598899960517883301e-01
-4.330492317676544189e-01,3.757939338684082031e-01,-2.561521017923951149e-03,-8.464395999908447266e-02,-2.796093821525573730e-01,-2.450238317251205444e-01,6.625823974609375000e-01
-4.343849420547485352e-01,3.752042949199676514e-01,-3.861585864797234535e-03,-8.393933624029159546e-02,-2.746633291244506836e-01,-2.439233064651489258e-01,6.647032499313354492e-01
-4.353743791580200195e-01,3.723280429840087891e-01,-8.574609644711017609e-03,-7.841172069311141968e-02,-2.652419209480285645e-01,-2.427182644605636597e-01,6.666442751884460449e-01
-4.361266195774078369e-01,3.649674355983734131e-01,-1.880560629069805145e-02,-6.688027083873748779e-02,-2.489860504865646362e-01,-2.406711280345916748e-01,6.699137687683105469e-01
-4.369384646415710449e-01,3.506450355052947998e-01,-3.577813878655433655e-02,-4.835848137736320496e-02,-2.221325039863586426e-01,-2.379446774721145630e-01,6.754807829856872559e-01
-4.376920163631439209e-01,3.288701772689819336e-01,-5.963478982448577881e-02,-2.456158213317394257e-02,-1.837812066078186035e-01,-2.368232011795043945e-01,6.829013824462890625e-01
-4.352190792560577393e-01,2.952093482017517090e-01,-9.305363148450851440e-02,8.313333615660667419e-03,-1.326213479042053223e-01,-2.347682118415832520e-01,6.875879168510437012e-01
-4.305009841918945312e-01,2.566069364547729492e-01,-1.297620385885238647e-01,4.419139400124549866e-02,-7.425034046173095703e-02,-2.351064980030059814e-01,6.903430819511413574e-01
-4.251458048820495605e-01,2.210061699151992798e-01,-1.613505184650421143e-01,7.948005944490432739e-02,-1.736270822584629059e-02,-2.358917891979217529e-01,6.924503445625305176e-01
-4.246971011161804199e-01,1.924538463354110718e-01,-1.829716563224792480e-01,1.091662719845771790e-01,2.807179838418960571e-02,-2.425225973129272461e-01,6.949148178100585938e-01
-4.252062737941741943e-01,1.754787862300872803e-01,-1.975345015525817871e-01,1.290568709373474121e-01,5.762097984552383423e-02,-2.458215355873107910e-01,6.951493620872497559e-01
-4.254026710987091064e-01,1.757208704948425293e-01,-2.038963586091995239e-01,1.425604522228240967e-01,6.867025792598724365e-02,-2.423582226037979126e-01,6.936361789703369141e-01
-4.223428070545196533e-01,1.851383149623870850e-01,-2.102379202842712402e-01,1.533094793558120728e-01,6.708297133445739746e-02,-2.329869568347930908e-01,6.892545223236083984e-01
-4.207261204719543457e-01,2.011367231607437134e-01,-2.129536271095275879e-01,1.595343947410583496e-01,5.653833970427513123e-02,-2.266687005758285522e-01,6.829439401626586914e-01
-4.245679080486297607e-01,2.178025394678115845e-01,-2.139661461114883423e-01,1.576467603445053101e-01,4.724399745464324951e-02,-2.225166410207748413e-01,6.745997667312622070e-01
-4.302543997764587402e-01,2.374559938907623291e-01,-2.104904055595397949e-01,1.621372550725936890e-01,4.141347110271453857e-02,-2.202032208442687988e-01,6.729635000228881836e-01
-4.344500899314880371e-01,2.531025111675262451e-01,-2.043165564537048340e-01,1.729295700788497925e-01,4.526560753583908081e-02,-2.135778218507766724e-01,6.740224957466125488e-01
-4.384740591049194336e-01,2.654121518135070801e-01,-1.980485171079635620e-01,1.896316707134246826e-01,4.920382425189018250e-02,-2.040863335132598877e-01,6.783653497695922852e-01
-4.404215216636657715e-01,2.699211239814758301e-01,-1.963416934013366699e-01,2.039993703365325928e-01,4.240496829152107239e-02,-1.994163691997528076e-01,6.782495975494384766e-01
-4.380530416965484619e-01,2.633830308914184570e-01,-1.978518813848495483e-01,2.179137319326400757e-01,2.820979058742523193e-02,-1.984584778547286987e-01,6.705738902091979980e-01
-4.349136948585510254e-01,2.486401498317718506e-01,-1.981799006462097168e-01,2.382922470569610596e-01,1.022438425570726395e-02,-2.009302526712417603e-01,6.526870131492614746e-01
-4.363587498664855957e-01,2.377690225839614868e-01,-1.928611695766448975e-01,2.664868533611297607e-01,-1.932089403271675110e-02,-2.025152742862701416e-01,6.188338994979858398e-01
-4.378400743007659912e-01,2.480867207050323486e-01,-1.883199959993362427e-01,3.040748834609985352e-01,-8.294068276882171631e-02,-2.000648230314254761e-01,5.403053760528564453e-01
-4.404007494449615479e-01,2.622754871845245361e-01,-1.943487972021102905e-01,3.439039587974548340e-01,-1.608124524354934692e-01,-1.947554945945739746e-01,4.175276160240173340e-01
-4.447869658470153809e-01,2.670644521713256836e-01,-2.028127610683441162e-01,3.676813542842864990e-01,-2.034302800893783569e-01,-1.940738260746002197e-01,2.993107140064239502e-01
-4.508973658084869385e-01,2.668130099773406982e-01,-2.124355733394622803e-01,3.789013922214508057e-01,-2.221922278404235840e-01,-1.997339427471160889e-01,2.223193496465682983e-01
-4.546303153038024902e-01,2.740618288516998291e-01,-2.224259376525878906e-01,3.843955993652343750e-01,-2.406367957592010498e-01,-2.047234475612640381e-01,1.789251565933227539e-01
-4.517745375633239746e-01,2.917728722095489502e-01,-2.284412831068038940e-01,3.853893578052520752e-01,-2.592524886131286621e-01,-2.039423882961273193e-01,1.516097784042358398e-01
-4.468278884887695312e-01,3.063569664955139160e-01,-2.280126065015792847e-01,3.825974762439727783e-01,-2.691331207752227783e-01,-2.003188133239746094e-01,1.356263011693954468e-01
-4.450441896915435791e-01,3.319721519947052002e-01,-2.280112355947494507e-01,3.752638995647430420e-01,-2.653720378875732422e-01,-1.966100931167602539e-01,1.335374861955642700e-01
-4.495740234851837158e-01,3.899382650852203369e-01,-2.380880266427993774e-01,3.728897869586944580e-01,-2.708695828914642334e-01,-1.967648416757583618e-01,1.375676095485687256e-01
-4.497461318969726562e-01,4.463421404361724854e-01,-2.477205395698547363e-01,3.642038702964782715e-01,-2.925724685192108154e-01,-1.995199918746948242e-01,1.341858506202697754e-01
-4.426339566707611084e-01,4.883702397346496582e-01,-2.470489889383316040e-01,3.441227078437805176e-01,-3.304973244667053223e-01,-1.878225654363632202e-01,1.221379488706588745e-01
-4.337496161460876465e-01,5.194664597511291504e-01,-2.459933906793594360e-01,3.329431712627410889e-01,-3.638227581977844238e-01,-1.563271880149841309e-01,1.095433086156845093e-01
-4.322597384452819824e-01,5.482761263847351074e-01,-2.427948415279388428e-01,3.331443965435028076e-01,-3.940134942531585693e-01,-1.036425158381462097e-01,1.138807386159896851e-01
-4.323925673961639404e-01,5.839600563049316406e-01,-2.427357137203216553e-01,3.216393291950225830e-01,-4.324871003627777100e-01,-4.107105359435081482e-02,1.173379421234130859e-01
-4.310528635978698730e-01,6.266940832138061523e-01,-2.497649639844894409e-01,2.880795896053314209e-01,-4.784468412399291992e-01,1.494493801146745682e-02,1.043968871235847473e-01
-4.366596341133117676e-01,6.772380471229553223e-01,-2.561805844306945801e-01,2.278757840394973755e-01,-5.260505080223083496e-01,4.683980718255043030e-02,8.557385951280593872e-02
-4.420519173145294189e-01,7.247888445854187012e-01,-2.529778778553009033e-01,1.621191650629043579e-01,-5.645506381988525391e-01,5.719923228025436401e-02,7.854183018207550049e-02
-4.391500949859619141e-01,7.567979097366333008e-01,-2.432792931795120239e-01,1.204898133873939514e-01,-5.867117643356323242e-01,5.288907885551452637e-02,6.971351802349090576e-02
-4.323176145553588867e-01,7.753884196281433105e-01,-2.419266253709793091e-01,9.783778339624404907e-02,-5.946702361106872559e-01,4.178495332598686218e-02,5.342175811529159546e-02
-4.297128915786743164e-01,7.891083955764770508e-01,-2.456793487071990967e-01,8.158390223979949951e-02,-5.958064794540405273e-01,2.920341305434703827e-02,4.098295420408248901e-02
-4.299221038818359375e-01,8.000569343566894531e-01,-2.543868720531463623e-01,7.258718460798263550e-02,-5.898710489273071289e-01,1.460803858935832977e-02,3.300669416785240173e-02
-4.317736625671386719e-01,8.096275925636291504e-01,-2.631178498268127441e-01,6.602292507886886597e-02,-5.819553732872009277e-01,-5.700953770428895950e-03,2.879242599010467529e-02
-4.341285526752471924e-01,8.157612681388854980e-01,-2.657702267169952393e-01,6.282598525285720825e-02,-5.753165483474731445e-01,-2.605257555842399597e-02,2.583987265825271606e-02
-4.369583129882812500e-01,8.160021305084228516e-01,-2.610867023468017578e-01,6.381560117006301880e-02,-5.703359842300415039e-01,-4.185859858989715576e-02,2.265579998493194580e-02
-4.345868229866027832e-01,8.065026998519897461e-01,-2.506649196147918701e-01,6.833727657794952393e-02,-5.636503100395202637e-01,-5.044187605381011963e-02,1.131663005799055099e-02
-4.242398142814636230e-01,7.862511873245239258e-01,-2.388048917055130005e-01,7.953038066625595093e-02,-5.585410594940185547e-01,-5.269048362970352173e-02,-6.203284021466970444e-03
-4.172978103160858154e-01,7.608820796012878418e-01,-2.305773496627807617e-01,1.132239475846290588e-01,-5.682132840156555176e-01,-4.609329253435134888e-02,-4.514341242611408234e-03
-3.997765183448791504e-01,7.152123451232910156e-01,-2.205940932035446167e-01,1.603083312511444092e-01,-5.732508301734924316e-01,-3.161894530057907104e-02,-9.938586503267288208e-03
-3.742293119430541992e-01,6.310118436813354492e-01,-1.980145573616027832e-01,1.806540191173553467e-01,-5.659264326095581055e-01,-2.552502416074275970e-02,-1.523029245436191559e-02
-3.542920053005218506e-01,5.280562639236450195e-01,-1.691253185272216797e-01,1.646623313426971436e-01,-5.553052425384521484e-01,-2.409727312624454498e-02,-1.071875914931297302e-02
-3.433365225791931152e-01,4.378424584865570068e-01,-1.599071025848388672e-01,1.279957294464111328e-01,-5.272501707077026367e-01,-1.243474893271923065e-02,-4.732925910502672195e-03
-3.480229675769805908e-01,3.729418218135833740e-01,-1.464095562696456909e-01,4.779956862330436707e-02,-5.023494958877563477e-01,-1.536547113209962845e-02,3.140132501721382141e-02
-3.299645483493804932e-01,3.214473426342010498e-01,-1.558137685060501099e-01,-1.510311570018529892e-02,-4.816359579563140869e-01,-2.191973663866519928e-02,6.328535825014114380e-02
-3.138590157032012939e-01,2.896397411823272705e-01,-1.616115421056747437e-01,-5.772803351283073425e-02,-4.728442430496215820e-01,-2.606254816055297852e-02,9.090083837509155273e-02
-3.073077499866485596e-01,2.675705254077911377e-01,-1.669961065053939819e-01,-8.640262484550476074e-02,-4.707685410976409912e-01,-4.237199202179908752e-02,1.157813519239425659e-01
-3.048250973224639893e-01,2.576018869876861572e-01,-1.698758304119110107e-01,-1.000875234603881836e-01,-4.661722481250762939e-01,-5.334669351577758789e-02,1.395245194435119629e-01
-3.019728660583496094e-01,2.541240155696868896e-01,-1.757733672857284546e-01,-1.073053106665611267e-01,-4.565700292587280273e-01,-5.121896415948867798e-02,1.535440087318420410e-01
-3.027785420417785645e-01,2.588873803615570068e-01,-1.802458316087722778e-01,-1.135603040456771851e-01,-4.518770575523376465e-01,-4.660215601325035095e-02,1.642356514930725098e-01
-3.042059838771820068e-01,2.677168548107147217e-01,-1.835174709558486938e-01,-1.191134974360466003e-01,-4.547872245311737061e-01,-4.559158906340599060e-02,1.712408661842346191e-01
-3.051030337810516357e-01,2.734676599502563477e-01,-1.841602027416229248e-01,-1.235292106866836548e-01,-4.613329768180847168e-01,-4.903649538755416870e-02,1.745804697275161743e-01
-3.063468337059020996e-01,2.754896879196166992e-01,-1.809855550527572632e-01,-1.261404454708099365e-01,-4.675313532352447510e-01,-5.516562238335609436e-02,1.759541779756546021e-01
-3.078057467937469482e-01,2.760234773159027100e-01,-1.757039874792098999e-01,-1.274529397487640381e-01,-4.714291393756866455e-01,-6.148411333560943604e-02,1.771402359008789062e-01
-3.083912730216979980e-01,2.752040624618530273e-01,-1.714642196893692017e-01,-1.284154504537582397e-01,-4.725332260131835938e-01,-6.637354940176010132e-02,1.781662553548812866e-01
-3.073380887508392334e-01,2.725625932216644287e-01,-1.695113927125930786e-01,-1.286481022834777832e-01,-4.712940454483032227e-01,-6.913644820451736450e-02,1.790870279073715210e-01
-3.048659563064575195e-01,2.677697539329528809e-01,-1.701554059982299805e-01,-1.282637119293212891e-01,-4.685844480991363525e-01,-6.997774541378021240e-02,1.782259494066238403e-01
-3.016438484191894531e-01,2.606396079063415527e-01,-1.732812225818634033e-01,-1.279065459966659546e-01,-4.648665189743041992e-01,-6.985037773847579956e-02,1.745630800724029541e-01
-2.984480857849121094e-01,2.529663443565368652e-01,-1.778206974267959595e-01,-1.276821047067642212e-01,-4.613622128963470459e-01,-7.027889788150787354e-02,1.694443225860595703e-01
-2.963213622570037842e-01,2.467647492885589600e-01,-1.826149821281433105e-01,-1.283674538135528564e-01,-4.592037498950958252e-01,-7.172155380249023438e-02,1.647204309701919556e-01
-2.956711947917938232e-01,2.435542494058609009e-01,-1.865421086549758911e-01,-1.303155422210693359e-01,-4.589532911777496338e-01,-7.386180013418197632e-02,1.619078367948532104e-01
-2.960102856159210205e-01,2.434443980455398560e-01,-1.890267133712768555e-01,-1.331208348274230957e-01,-4.601175189018249512e-01,-7.604926079511642456e-02,1.612008363008499146e-01
-2.965342998504638672e-01,2.454093694686889648e-01,-1.901040971279144287e-01,-1.359289437532424927e-01,-4.615701436996459961e-01,-7.790367305278778076e-02,1.617761850357055664e-01
-2.968078553676605225e-01,2.480988651514053345e-01,-1.902891695499420166e-01,-1.380102038383483887e-01,-4.623374640941619873e-01,-7.946581393480300903e-02,1.627695709466934204e-01
-2.969409823417663574e-01,2.504840791225433350e-01,-1.902514249086380005e-01,-1.391273438930511475e-01,-4.620733261108398438e-01,-8.096967637538909912e-02,1.638682037591934204e-01
-2.972885668277740479e-01,2.520756423473358154e-01,-1.904523372650146484e-01,-1.395055055618286133e-01,-4.610208868980407715e-01,-8.254590630531311035e-02,1.652043908834457397e-01
-2.980838716030120850e-01,2.528311610221862793e-01,-1.909441053867340088e-01,-1.395343840122222900e-01,-4.596742987632751465e-01,-8.410037308931350708e-02,1.669557839632034302e-01
-2.993075251579284668e-01,2.529560327529907227e-01,-1.914365589618682861e-01,-1.394869983196258545e-01,-4.584470093250274658e-01,-8.538368344306945801e-02,1.691078394651412964e-01
-3.007751703262329102e-01,2.527073025703430176e-01,-1.915687471628189087e-01,-1.394252777099609375e-01,-4.575144946575164795e-01,-8.614145219326019287e-02,1.714770495891571045e-01
-3.022784590721130371e-01,2.522611320018768311e-01,-1.911744922399520874e-01,-1.392614245414733887e-01,-4.568306803703308105e-01,-8.624885231256484985e-02,1.738492697477340698e-01
-3.036735653877258301e-01,2.516908645629882812e-01,-1.903657019138336182e-01,-1.388632953166961670e-01,-4.562407433986663818e-01,-8.576998859643936157e-02,1.760967522859573364e-01
-3.049044311046600342e-01,2.510509192943572998e-01,-1.894242167472839355e-01,-1.381387114524841309e-01,-4.556085467338562012e-01,-8.492846786975860596e-02,1.782146841287612915e-01
-3.059813082218170166e-01,2.504787445068359375e-01,-1.886207014322280884e-01,-1.370834410190582275e-01,-4.548969864845275879e-01,-8.401405811309814453e-02,1.802768707275390625e-01
-3.069404959678649902e-01,2.502170801162719727e-01,-1.880890727043151855e-01,-1.357916891574859619e-01,-4.541717767715454102e-01,-8.327598124742507935e-02,1.823442727327346802e-01
-3.078089952468872070e-01,2.505403757095336914e-01,-1.878072023391723633e-01,-1.344320923089981079e-01,-4.535456299781799316e-01,-8.285120129585266113e-02,1.843943297863006592e-01
-3.085872530937194824e-01,2.516393959522247314e-01,-1.876533627510070801e-01,-1.331999897956848145e-01,-4.531075060367584229e-01,-8.275020122528076172e-02,1.863103210926055908e-01
-3.092492520809173584e-01,2.535349726676940918e-01,-1.874812543392181396e-01,-1.322666704654693604e-01,-4.528771042823791504e-01,-8.289594203233718872e-02,1.879264563322067261e-01
-3.097552955150604248e-01,2.560608386993408203e-01,-1.871729493141174316e-01,-1.317405551671981812e-01,-4.528014361858367920e-01,-8.318874984979629517e-02,1.890957504510879517e-01
-3.100691735744476318e-01,2.589097619056701660e-01,-1.866632550954818726e-01,-1.316493451595306396e-01,-4.527837634086608887e-01,-8.356233686208724976e-02,1.897468268871307373e-01
-3.101723790168762207e-01,2.617146372795104980e-01,-1.859429031610488892e-01,-1.319433599710464478e-01,-4.527239501476287842e-01,-8.400326967239379883e-02,1.899090558290481567e-01
-3.100667297840118408e-01,2.641290426254272461e-01,-1.850517094135284424e-01,-1.325134187936782837e-01,-4.525484740734100342e-01,-8.453177660703659058e-02,1.896987855434417725e-01
-3.097683787345886230e-01,2.658899724483489990e-01,-1.840644180774688721e-01,-1.332196593284606934e-01,-4.522243142127990723e-01,-8.516094833612442017e-02,1.892765462398529053e-01
-3.092982769012451172e-01,2.668541371822357178e-01,-1.830747574567794800e-01,-1.339269876480102539e-01,-4.517596065998077393e-01,-8.586346358060836792e-02,1.888006031513214111e-01
-3.086777627468109131e-01,2.670114636421203613e-01,-1.821759492158889771e-01,-1.345385164022445679e-01,-4.511995017528533936e-01,-8.656270802021026611e-02,1.883944571018218994e-01
-3.079296052455902100e-01,2.664746642112731934e-01,-1.814431995153427124e-01,-1.350178420543670654e-01,-4.506195783615112305e-01,-8.715017884969711304e-02,1.881360262632369995e-01
-3.070811033248901367e-01,2.654497921466827393e-01,-1.809177696704864502e-01,-1.353917717933654785e-01,-4.501168131828308105e-01,-8.751705288887023926e-02,1.880619823932647705e-01
-3.061660826206207275e-01,2.641913592815399170e-01,-1.805985718965530396e-01,-1.357351690530776978e-01,-4.497967660427093506e-01,-8.758340030908584595e-02,1.881784200668334961e-01
-3.052232563495635986e-01,2.629517614841461182e-01,-1.804430782794952393e-01,-1.361437737941741943e-01,-4.497551918029785156e-01,-8.731450140476226807e-02,1.884716749191284180e-01
-3.042919039726257324e-01,2.619372606277465820e-01,-1.803777813911437988e-01,-1.367057859897613525e-01,-4.500606358051300049e-01,-8.672166615724563599e-02,1.889147311449050903e-01
-3.034068346023559570e-01,2.612791359424591064e-01,-1.803156733512878418e-01,-1.374795883893966675e-01,-4.507415294647216797e-01,-8.585257083177566528e-02,1.894717663526535034e-01
