-4.344870150089263916e-01,3.706344962120056152e-01,-6.632250733673572540e-03,-7.457561790943145752e-02,-2.880229651927947998e-01,-2.572404146194458008e-01,6.665628552436828613e-01
-4.239688813686370850e-01,3.641152679920196533e-01,-1.450240495614707470e-03,-9.400219470262527466e-02,-2.924362421035766602e-01,-2.243760824203491211e-01,6.239709258079528809e-01
-4.355987310409545898e-01,3.573592901229858398e-01,-2.581500262022018433e-02,-5.170609802007675171e-02,-2.661894261837005615e-01,-2.726679146289825439e-01,6.249772906303405762e-01
-4.512592554092407227e-01,3.722195625305175781e-01,-7.703899609623476863e-05,-6.864120066165924072e-02,-2.859075963497161865e-01,-2.506683468818664551e-01,6.315664052963256836e-01
-4.487508833408355713e-01,3.628416359424591064e-01,-1.962967403233051300e-02,-4.980374872684478760e-02,-2.738270759582519531e-01,-2.553904652595520020e-01,6.264487504959106445e-01
-4.395758807659149170e-01,3.675910234451293945e-01,-1.429467834532260895e-02,-6.038410589098930359e-02,-2.741556465625762939e-01,-2.371119558811187744e-01,6.283251047134399414e-01
-4.346098899841308594e-01,3.664137721061706543e-01,-1.574109122157096863e-02,-6.297453492879867554e-02,-2.722845673561096191e-01,-2.340249419212341309e-01,6.357272267341613770e-01
-4.342444837093353271e-01,3.645365834236145020e-01,-1.292635593563318253e-02,-7.200077921152114868e-02,-2.770460546016693115e-01,-2.348121553659439087e-01,6.461407542228698730e-01
-4.353327751159667969e-01,3.587145805358886719e-01,-1.428539212793111801e-02,-7.734854519367218018e-02,-2.811859548091888428e-01,-2.420631349086761475e-01,6.545147299766540527e-01
-4.360322058200836182e-01,3.565998077392578125e-01,-1.392260193824768066e-02,-8.248400688171386719e-02,-2.859253883361816406e-01,-2.468935698270797729e-01,6.606043577194213867e-01
-4.360636472702026367e-01,3.574926555156707764e-01,-1.495662238448858261e-02,-8.245031535625457764e-02,-2.874211966991424561e-01,-2.479458898305892944e-01,6.639088988304138184e-01
-4.353779852390289307e-01,3.595839142799377441e-01,-1.648743264377117157e-02,-7.942789047956466675e-02,-2.848353385925292969e-01,-2.449350655078887939e-01,6.650696992874145508e-01
-4.349645674228668213e-01,3.601636588573455811e-01,-1.757135801017284393e-02,-7.466191053390502930e-02,-2.791929841041564941e-01,-2.405381202697753906e-01,6.650730967521667480e-01
-4.350377619266510010e-01,3.595439493656158447e-01,-1.813811808824539185e-02,-7.022850960493087769e-02,-2.735251486301422119e-01,-2.383615225553512573e-01,6.639872193336486816e-01
-4.353525936603546143e-01,3.587810993194580078e-01,-1.728235371410846710e-02,-6.749796867370605469e-02,-2.702840566635131836e-01,-2.395007312297821045e-01,6.629420518875122070e-01
-4.350395202636718750e-01,3.580472171306610107e-01,-1.518176961690187454e-02,-6.747435778379440308e-02,-2.693213522434234619e-01,-2.419955730438232422e-01,6.628143191337585449e-01
-4.338721334934234619e-01,3.580081462860107422e-01,-1.250481978058815002e-02,-6.918971985578536987e-02,-2.699167132377624512e-01,-2.433634698390960693e-01,6.637691855430603027e-01
-4.326208531856536865e-01,3.585273921489715576e-01,-9.470778517425060272e-03,-7.225128263235092163e-02,-2.720937728881835938e-01,-2.416948676109313965e-01,6.652470827102661133e-01
-4.320689439773559570e-01,3.595509231090545654e-01,-7.258737459778785706e-03,-7.580935209989547729e-02,-2.759029865264892578e-01,-2.386803328990936279e-01,6.662248373031616211e-01
-4.326270520687103271e-01,3.607428669929504395e-01,-6.705243606120347977e-03,-7.903172075748443604e-02,-2.809756398200988770e-01,-2.370531708002090454e-01,6.662662029266357422e-01
-4.340200722217559814e-01,3.613377809524536133e-01,-8.823836222290992737e-03,-8.084393292665481567e-02,-2.849543690681457520e-01,-2.383576333522796631e-01,6.656308174133300781e-01
-4.352543652057647705e-01,3.617270588874816895e-01,-1.403120066970586777e-02,-8.060187101364135742e-02,-2.861343324184417725e-01,-2.411198616027832031e-01,6.647440791130065918e-01
-4.365564584732055664e-01,3.651547431945800781e-01,-1.846528053283691406e-02,-8.061958849430084229e-02,-2.870617806911468506e-01,-2.403097897768020630e-01,6.648040413856506348e-01
-4.380106925964355469e-01,3.713051080703735352e-01,-2.042092569172382355e-02,-8.043274283409118652e-02,-2.873264551162719727e-01,-2.355708479881286621e-01,6.658438444137573242e-01
-4.401212334632873535e-01,3.749085068702697754e-01,-2.202530950307846069e-02,-7.664789259433746338e-02,-2.815920114517211914e-01,-2.344727516174316406e-01,6.670160293579101562e-01
-4.424406290054321289e-01,3.696887493133544922e-01,-2.612607553601264954e-02,-6.564846634864807129e-02,-2.655282318592071533e-01,-2.410571426153182983e-01,6.678320765495300293e-01
-4.437135756015777588e-01,3.515702486038208008e-01,-3.707964718341827393e-02,-4.711910709738731384e-02,-2.378534078598022461e-01,-2.537555098533630371e-01,6.679235696792602539e-01
-4.432182312011718750e-01,3.196834921836853027e-01,-5.955310910940170288e-02,-1.902131177484989166e-02,-1.996067911386489868e-01,-2.681922018527984619e-01,6.660242676734924316e-01
-4.420515894889831543e-01,2.708682417869567871e-01,-1.028746739029884338e-01,2.627975493669509888e-02,-1.450237035751342773e-01,-2.829508781433105469e-01,6.581770181655883789e-01
-4.443608522415161133e-01,2.009409517049789429e-01,-1.679954081773757935e-01,9.684634208679199219e-02,-6.718757003545761108e-02,-2.944431006908416748e-01,6.467815637588500977e-01
-4.444327056407928467e-01,1.576934605836868286e-01,-2.017507106065750122e-01,1.308834850788116455e-01,-1.010312419384717941e-02,-3.002798855304718018e-01,6.476249098777770996e-01
-4.376610815525054932e-01,1.396528631448745728e-01,-2.184800654649734497e-01,1.394738703966140747e-01,3.781773522496223450e-02,-3.068102002143859863e-01,6.544407010078430176e-01
-4.367160797119140625e-01,1.341209709644317627e-01,-2.257239967584609985e-01,1.648291349411010742e-01,7.552999258041381836e-02,-3.044445216655731201e-01,6.627805829048156738e-01
-4.382084012031555176e-01,1.247524172067642212e-01,-2.421285957098007202e-01,1.985289752483367920e-01,9.888976067304611206e-02,-2.982341647148132324e-01,6.589847207069396973e-01
-4.332191348075866699e-01,1.069871783256530762e-01,-2.625100612640380859e-01,2.055321186780929565e-01,1.144624799489974976e-01,-2.841399312019348145e-01,6.503634452819824219e-01
-4.178707599639892578e-01,8.617822080850601196e-02,-2.855512201786041260e-01,1.877784729003906250e-01,1.357786655426025391e-01,-2.694557011127471924e-01,6.478185653686523438e-01
-4.099151194095611572e-01,7.276345789432525635e-02,-2.884931564331054688e-01,2.069504410028457642e-01,1.619326919317245483e-01,-2.720133960247039795e-01,6.468411684036254883e-01
-4.233981668949127197e-01,9.363149851560592651e-02,-2.676944434642791748e-01,2.295552194118499756e-01,1.697178930044174194e-01,-2.603178322315216064e-01,6.724330186843872070e-01
-4.194720685482025146e-01,7.857540994882583618e-02,-2.735883593559265137e-01,2.215358912944793701e-01,1.966410130262374878e-01,-2.804753482341766357e-01,6.936445832252502441e-01
-4.124243855476379395e-01,8.507131785154342651e-02,-2.757856249809265137e-01,2.293483763933181763e-01,1.887468844652175903e-01,-2.832460105419158936e-01,7.018465995788574219e-01
-3.964378237724304199e-01,7.526685297489166260e-02,-2.893176376819610596e-01,2.614482641220092773e-01,1.834215223789215088e-01,-2.787626683712005615e-01,6.994328498840332031e-01
-3.876850306987762451e-01,8.486302196979522705e-02,-2.905956208705902100e-01,2.711839675903320312e-01,1.750557422637939453e-01,-2.675158381462097168e-01,6.853972077369689941e-01
-4.048588275909423828e-01,1.097795441746711731e-01,-2.720794975757598877e-01,2.755416631698608398e-01,1.555323302745819092e-01,-2.578980028629302979e-01,6.804305315017700195e-01
-4.216538667678833008e-01,9.958923608064651489e-02,-2.665613293647766113e-01,3.054064810276031494e-01,1.595715433359146118e-01,-2.642208635807037354e-01,6.803669929504394531e-01
-4.224427640438079834e-01,6.272011995315551758e-02,-2.716057002544403076e-01,3.395971357822418213e-01,1.591376215219497681e-01,-2.674267888069152832e-01,6.597366333007812500e-01
-4.126622378826141357e-01,2.735778316855430603e-02,-2.754341661930084229e-01,3.659751415252685547e-01,1.329533606767654419e-01,-2.797843813896179199e-01,6.179529428482055664e-01
-4.278928339481353760e-01,-1.066009514033794403e-02,-2.657185494899749756e-01,3.959085941314697266e-01,1.357066184282302856e-01,-3.813275396823883057e-01,6.061506271362304688e-01
-4.322879016399383545e-01,-1.503054890781641006e-02,-2.603445351123809814e-01,4.092802703380584717e-01,1.064070910215377808e-01,-3.828433752059936523e-01,5.781494975090026855e-01
-4.194183647632598877e-01,1.116206310689449310e-02,-2.785723805427551270e-01,4.235619306564331055e-01,2.385195530951023102e-02,-3.264941275119781494e-01,4.891163408756256104e-01
-4.036774337291717529e-01,5.372223258018493652e-02,-2.957630455493927002e-01,4.311226308345794678e-01,-6.420139968395233154e-02,-2.749527692794799805e-01,3.330070376396179199e-01
-3.971243798732757568e-01,7.534921914339065552e-02,-3.114986717700958252e-01,4.391134381294250488e-01,-1.002221331000328064e-01,-2.613759636878967285e-01,1.392345726490020752e-01
-4.048575162887573242e-01,9.446220099925994873e-02,-3.211546540260314941e-01,4.408401250839233398e-01,-1.155980452895164490e-01,-2.609722316265106201e-01,-2.785725332796573639e-02
-4.149343669414520264e-01,1.269268691539764404e-01,-3.144017159938812256e-01,4.369897544384002686e-01,-1.491749137639999390e-01,-2.465996891260147095e-01,-9.383150190114974976e-02
-4.221094250679016113e-01,1.594832539558410645e-01,-3.080561757087707520e-01,4.514254927635192871e-01,-1.869002282619476318e-01,-2.427688986063003540e-01,-1.037502735853195190e-01
-4.279517531394958496e-01,2.231994718313217163e-01,-3.121148645877838135e-01,4.721270501613616943e-01,-2.319455146789550781e-01,-2.232231497764587402e-01,-1.336967796087265015e-01
-4.268488883972167969e-01,2.910335063934326172e-01,-3.164647221565246582e-01,4.679138362407684326e-01,-2.535548508167266846e-01,-2.049811184406280518e-01,-1.868516653776168823e-01
-4.262372255325317383e-01,3.289845287799835205e-01,-3.069707453250885010e-01,4.480418264865875244e-01,-2.568017244338989258e-01,-2.071417868137359619e-01,-2.251586467027664185e-01
-4.308724105358123779e-01,3.518372178077697754e-01,-2.920100390911102295e-01,4.477444589138031006e-01,-2.665202319622039795e-01,-2.187240421772003174e-01,-2.414864003658294678e-01
-4.278122484683990479e-01,3.537591397762298584e-01,-2.922093272209167480e-01,4.608626663684844971e-01,-2.564129233360290527e-01,-2.355557829141616821e-01,-2.505905628204345703e-01
-4.294724166393280029e-01,3.552897572517395020e-01,-2.879456877708435059e-01,4.717214703559875488e-01,-2.512219548225402832e-01,-2.518208920955657959e-01,-2.574065327644348145e-01
-4.378486275672912598e-01,3.733521401882171631e-01,-2.745570242404937744e-01,4.553212821483612061e-01,-2.654260993003845215e-01,-2.439754307270050049e-01,-2.551940381526947021e-01
-4.442835450172424316e-01,4.378697276115417480e-01,-2.661674916744232178e-01,3.931525945663452148e-01,-3.159911632537841797e-01,-1.965783983469009399e-01,-2.457156032323837280e-01
-4.414966404438018799e-01,4.680560529232025146e-01,-2.923915386199951172e-01,3.934355974197387695e-01,-3.329083323478698730e-01,-1.666430830955505371e-01,-2.619073688983917236e-01
-4.423527121543884277e-01,4.946781694889068604e-01,-2.905730307102203369e-01,4.005283415317535400e-01,-3.530712425708770752e-01,-1.107385307550430298e-01,-2.927114665508270264e-01
-4.372288882732391357e-01,5.248941183090209961e-01,-2.860721349716186523e-01,3.853141963481903076e-01,-3.878399133682250977e-01,-3.887458518147468567e-02,-3.270753026008605957e-01
-4.351786971092224121e-01,5.698504447937011719e-01,-2.647969126701354980e-01,3.390278816223144531e-01,-4.457407891750335693e-01,1.524368673563003540e-02,-3.029265701770782471e-01
-4.384579360485076904e-01,6.315398216247558594e-01,-2.577438354492187500e-01,2.539514303207397461e-01,-5.112140774726867676e-01,9.292167425155639648e-02,-2.432424724102020264e-01
-4.358048439025878906e-01,6.628632545471191406e-01,-3.006611466407775879e-01,2.289059907197952271e-01,-5.368660092353820801e-01,1.251850873231887817e-01,-2.375365048646926880e-01
-4.332797527313232422e-01,6.917717456817626953e-01,-3.082452118396759033e-01,2.094957828521728516e-01,-5.538813471794128418e-01,1.590768843889236450e-01,-2.520501911640167236e-01
-4.259696602821350098e-01,7.151603102684020996e-01,-3.098621666431427002e-01,1.906738728284835815e-01,-5.652493834495544434e-01,1.718324869871139526e-01,-2.585930228233337402e-01
-4.204089641571044922e-01,7.324047684669494629e-01,-3.100405931472778320e-01,1.631510704755783081e-01,-5.744888186454772949e-01,1.821434497833251953e-01,-2.405883818864822388e-01
-4.179735779762268066e-01,7.416263222694396973e-01,-3.139053583145141602e-01,1.289609074592590332e-01,-5.752372741699218750e-01,1.830744445323944092e-01,-2.226362228393554688e-01
-4.128701090812683105e-01,7.499462366104125977e-01,-3.090399503707885742e-01,7.581751048564910889e-02,-5.762845873832702637e-01,1.792079508304595947e-01,-2.153346836566925049e-01
-3.965662419795989990e-01,7.580845355987548828e-01,-3.046369552612304688e-01,3.289237990975379944e-02,-5.680689215660095215e-01,1.665739119052886963e-01,-2.381288558244705200e-01
-3.897680938243865967e-01,7.719146609306335449e-01,-2.806240022182464600e-01,9.770222008228302002e-03,-5.597795248031616211e-01,1.426613181829452515e-01,-2.581778764724731445e-01
-3.878511190414428711e-01,7.828319072723388672e-01,-2.642761468887329102e-01,1.012400444597005844e-02,-5.394855141639709473e-01,1.206831857562065125e-01,-2.720579802989959717e-01
-3.915653526782989502e-01,7.880074977874755859e-01,-2.554295957088470459e-01,1.820380799472332001e-02,-5.218365192413330078e-01,1.188387870788574219e-01,-2.687481045722961426e-01
-3.978863954544067383e-01,7.856751084327697754e-01,-2.590825557708740234e-01,3.920013085007667542e-02,-5.103932619094848633e-01,1.179989129304885864e-01,-2.507463097572326660e-01
-4.021914005279541016e-01,7.808153033256530762e-01,-2.719647884368896484e-01,5.175039544701576233e-02,-5.074257254600524902e-01,1.105128303170204163e-01,-2.348196655511856079e-01
-3.956740200519561768e-01,7.679998874664306641e-01,-2.903182804584503174e-01,4.171924293041229248e-02,-5.131238102912902832e-01,8.614733070135116577e-02,-2.447285801172256470e-01
-4.125145077705383301e-01,7.712483406066894531e-01,-2.747197449207305908e-01,4.236654192209243774e-02,-5.558401346206665039e-01,8.627976477146148682e-02,-2.141313850879669189e-01
-4.018458425998687744e-01,7.727087140083312988e-01,-2.687015831470489502e-01,4.892884939908981323e-02,-5.722777247428894043e-01,1.220048591494560242e-01,-2.198281139135360718e-01
-3.678788542747497559e-01,7.468571662902832031e-01,-2.908910214900970459e-01,4.530218988656997681e-02,-5.511322021484375000e-01,1.167529523372650146e-01,-2.647901475429534912e-01
-3.445227444171905518e-01,6.951057314872741699e-01,-2.641062438488006592e-01,1.573598571121692657e-02,-5.352878570556640625e-01,1.136885434389114380e-01,-2.237930297851562500e-01
-3.111234009265899658e-01,5.958527326583862305e-01,-2.528833448886871338e-01,2.917670458555221558e-02,-4.963240921497344971e-01,1.290224045515060425e-01,-1.921891719102859497e-01
-2.806700468063354492e-01,4.703773558139801025e-01,-2.670246064662933350e-01,4.842568188905715942e-02,-4.357709884643554688e-01,1.272944211959838867e-01,-1.983990222215652466e-01
-2.804388105869293213e-01,4.060193002223968506e-01,-2.392708510160446167e-01,1.268882211297750473e-02,-4.222345054149627686e-01,1.800525039434432983e-01,-1.190018504858016968e-01
-2.874089479446411133e-01,3.530464172363281250e-01,-2.488554418087005615e-01,-1.008050516247749329e-02,-3.963702619075775146e-01,1.718183159828186035e-01,-2.874836884438991547e-02
-3.022330701351165771e-01,3.203718066215515137e-01,-2.180753052234649658e-01,-1.580338552594184875e-02,-3.950421214103698730e-01,1.798577308654785156e-01,1.208944842219352722e-01
-3.033478558063507080e-01,2.767880856990814209e-01,-2.412500679492950439e-01,-8.380978833884000778e-04,-3.705769181251525879e-01,1.604905724525451660e-01,1.986572593450546265e-01
-3.039567768573760986e-01,2.481221705675125122e-01,-2.498967051506042480e-01,-1.560371927917003632e-02,-3.601397871971130371e-01,1.400438696146011353e-01,2.344627529382705688e-01
-3.004069328308105469e-01,2.222183942794799805e-01,-2.623154222965240479e-01,-2.572705410420894623e-02,-3.533620834350585938e-01,1.161014586687088013e-01,2.498263120651245117e-01
-2.951862215995788574e-01,2.207911759614944458e-01,-2.662141323089599609e-01,-4.789968207478523254e-02,-3.598441183567047119e-01,1.030773743987083435e-01,2.575299739837646484e-01
-2.929506897926330566e-01,2.268326282501220703e-01,-2.709023058414459229e-01,-6.681570410728454590e-02,-3.658767044544219971e-01,8.427935838699340820e-02,2.556788027286529541e-01
-2.930973172187805176e-01,2.366481572389602661e-01,-2.678336501121520996e-01,-8.260053396224975586e-02,-3.712834119796752930e-01,7.198148965835571289e-02,2.480635941028594971e-01
-2.917565703392028809e-01,2.406456172466278076e-01,-2.624328136444091797e-01,-8.572143316268920898e-02,-3.711831867694854736e-01,6.918405741453170776e-02,2.326076328754425049e-01
-2.889472544193267822e-01,2.373607307672500610e-01,-2.557799518108367920e-01,-7.681600749492645264e-02,-3.660768866539001465e-01,7.381456345319747925e-02,2.144661396741867065e-01
-2.875545918941497803e-01,2.264679670333862305e-01,-2.509260475635528564e-01,-5.928714200854301453e-02,-3.578235805034637451e-01,7.557374984025955200e-02,1.998849809169769287e-01
-2.890354394912719727e-01,2.155156880617141724e-01,-2.474391609430313110e-01,-4.613355919718742371e-02,-3.527379035949707031e-01,7.438693195581436157e-02,1.950551867485046387e-01
-2.918832898139953613e-01,2.109407484531402588e-01,-2.468042969703674316e-01,-4.188636690378189087e-02,-3.532297611236572266e-01,7.392050325870513916e-02,1.987676918506622314e-01
-2.939093410968780518e-01,2.101731002330780029e-01,-2.496374249458312988e-01,-4.366394504904747009e-02,-3.539035618305206299e-01,7.777900993824005127e-02,2.034283131361007690e-01
-2.940879464149475098e-01,2.100344449281692505e-01,-2.540987730026245117e-01,-4.565937817096710205e-02,-3.509488403797149658e-01,8.673907071352005005e-02,2.026465237140655518e-01
-2.927881777286529541e-01,2.090217918157577515e-01,-2.575237452983856201e-01,-4.440297931432723999e-02,-3.452185094356536865e-01,9.762044996023178101e-02,1.972751766443252563e-01
-2.907912731170654297e-01,2.056419104337692261e-01,-2.591952681541442871e-01,-4.073584079742431641e-02,-3.386606574058532715e-01,1.065895929932594299e-01,1.901328563690185547e-01
-2.890260815620422363e-01,2.001294046640396118e-01,-2.588174939155578613e-01,-3.635256364941596985e-02,-3.334760069847106934e-01,1.114037036895751953e-01,1.842172890901565552e-01
-2.881407141685485840e-01,1.939282715320587158e-01,-2.566077113151550293e-01,-3.275074437260627747e-02,-3.309880495071411133e-01,1.119104996323585510e-01,1.808767914772033691e-01
-2.885126173496246338e-01,1.891630142927169800e-01,-2.529162168502807617e-01,-3.057267330586910248e-02,-3.315637707710266113e-01,1.090220883488655090e-01,1.800428032875061035e-01
-2.901144921779632568e-01,1.871576905250549316e-01,-2.484812587499618530e-01,-2.946726046502590179e-02,-3.344655632972717285e-01,1.040476262569427490e-01,1.808099448680877686e-01
-2.924918532371520996e-01,1.878638863563537598e-01,-2.442365586757659912e-01,-2.860937081277370453e-02,-3.383331596851348877e-01,9.831376373767852783e-02,1.819864213466644287e-01
-2.949381172657012939e-01,1.902145743370056152e-01,-2.409811615943908691e-01,-2.744477428495883942e-02,-3.418876826763153076e-01,9.306980669498443604e-02,1.824963390827178955e-01
-2.967368960380554199e-01,1.927468627691268921e-01,-2.392743229866027832e-01,-2.582177147269248962e-02,-3.443062305450439453e-01,8.929849416017532349e-02,1.814879477024078369e-01
-2.974147200584411621e-01,1.942587196826934814e-01,-2.394197583198547363e-01,-2.379191480576992035e-02,-3.452633023262023926e-01,8.747962862253189087e-02,1.784349679946899414e-01
-2.969164550304412842e-01,1.943169236183166504e-01,-2.413666695356369019e-01,-2.154365181922912598e-02,-3.448657691478729248e-01,8.750199526548385620e-02,1.733516454696655273e-01
-2.955710291862487793e-01,1.932926177978515625e-01,-2.446701377630233765e-01,-1.940103247761726379e-02,-3.435212373733520508e-01,8.883380144834518433e-02,1.668239533901214600e-01
-2.938975989818572998e-01,1.920028179883956909e-01,-2.486220449209213257e-01,-1.770930737257003784e-02,-3.417666852474212646e-01,9.081631153821945190e-02,1.597183346748352051e-01
-2.924034297466278076e-01,1.912811249494552612e-01,-2.524808645248413086e-01,-1.665663160383701324e-02,-3.401468098163604736e-01,9.290914237499237061e-02,1.528103649616241455e-01
-2.914350628852844238e-01,1.916224062442779541e-01,-2.557022869586944580e-01,-1.614801026880741119e-02,-3.391118943691253662e-01,9.478258341550827026e-02,1.465426981449127197e-01
-2.911055982112884521e-01,1.929934471845626831e-01,-2.580311298370361328e-01,-1.585840061306953430e-02,-3.389135003089904785e-01,9.628795832395553589e-02,1.410081833600997925e-01
-2.913240790367126465e-01,1.948993653059005737e-01,-2.594342529773712158e-01,-1.546039804816246033e-02,-3.395464420318603516e-01,9.739612042903900146e-02,1.361543238162994385e-01
-2.918891310691833496e-01,1.966578215360641479e-01,-2.599934339523315430e-01,-1.483133528381586075e-02,-3.407886922359466553e-01,9.816132485866546631e-02,1.320443600416183472e-01
