-4.344856441020965576e-01,3.706450164318084717e-01,-6.624069996178150177e-03,-7.454751431941986084e-02,-2.878375053405761719e-01,-2.571532130241394043e-01,6.667535305023193359e-01
-4.329252243041992188e-01,3.794398605823516846e-01,-7.886338047683238983e-03,-6.349285691976547241e-02,-2.876422703266143799e-01,-2.390965074300765991e-01,6.242626309394836426e-01
-4.232685565948486328e-01,3.649174571037292480e-01,-2.379035018384456635e-02,-3.592994064092636108e-02,-2.702670991420745850e-01,-2.417835742235183716e-01,6.344967484474182129e-01
-4.355011284351348877e-01,3.622306585311889648e-01,-6.021198350936174393e-03,-5.055732652544975281e-02,-2.782692313194274902e-01,-2.459670156240463257e-01,6.621756553649902344e-01
-4.378710389137268066e-01,3.592682182788848877e-01,-2.380539104342460632e-02,-4.917712137103080750e-02,-2.706000208854675293e-01,-2.610464096069335938e-01,6.715782880783081055e-01
-4.366020262241363525e-01,3.702303469181060791e-01,-2.476084232330322266e-02,-6.798058003187179565e-02,-2.783693969249725342e-01,-2.603647708892822266e-01,6.695870161056518555e-01
-4.364934265613555908e-01,3.774724304676055908e-01,-2.304197661578655243e-02,-7.453496009111404419e-02,-2.851452827453613281e-01,-2.580712139606475830e-01,6.645193696022033691e-01
-4.359617829322814941e-01,3.773291409015655518e-01,-1.767022721469402313e-02,-7.634785026311874390e-02,-2.872201800346374512e-01,-2.544811069965362549e-01,6.609933972358703613e-01
-4.339084029197692871e-01,3.673129081726074219e-01,-1.502899546176195145e-02,-7.209835201501846313e-02,-2.819384336471557617e-01,-2.568905651569366455e-01,6.601967215538024902e-01
-4.310239553451538086e-01,3.549482226371765137e-01,-1.354930270463228226e-02,-6.888176500797271729e-02,-2.757118642330169678e-01,-2.617403268814086914e-01,6.633269786834716797e-01
-4.276757538318634033e-01,3.459262251853942871e-01,-1.401867903769016266e-02,-6.747107952833175659e-02,-2.710466384887695312e-01,-2.657535970211029053e-01,6.685127615928649902e-01
-4.247043728828430176e-01,3.420305252075195312e-01,-1.479899510741233826e-02,-6.702874600887298584e-02,-2.680870890617370605e-01,-2.685495615005493164e-01,6.733106970787048340e-01
-4.232100844383239746e-01,3.426263034343719482e-01,-1.392787694931030273e-02,-6.717141717672348022e-02,-2.660951018333435059e-01,-2.705638408660888672e-01,6.767892837524414062e-01
-4.238657057285308838e-01,3.469640612602233887e-01,-1.095076370984315872e-02,-6.736306101083755493e-02,-2.656460702419281006e-01,-2.727011442184448242e-01,6.792883276939392090e-01
-4.250034689903259277e-01,3.513418734073638916e-01,-8.506655693054199219e-03,-6.640991568565368652e-02,-2.645067274570465088e-01,-2.733483910560607910e-01,6.800296306610107422e-01
-4.251446723937988281e-01,3.530478179454803467e-01,-7.276215124875307083e-03,-6.419857591390609741e-02,-2.618071734905242920e-01,-2.699057161808013916e-01,6.786621809005737305e-01
-4.237817227840423584e-01,3.512959182262420654e-01,-7.692838087677955627e-03,-6.186911091208457947e-02,-2.573278248310089111e-01,-2.621835470199584961e-01,6.753110885620117188e-01
-4.226796627044677734e-01,3.493326306343078613e-01,-7.949889637529850006e-03,-6.176186725497245789e-02,-2.539816498756408691e-01,-2.527469396591186523e-01,6.715148687362670898e-01
-4.234014749526977539e-01,3.494672179222106934e-01,-7.404618430882692337e-03,-6.323099136352539062e-02,-2.537704110145568848e-01,-2.468883693218231201e-01,6.687355041503906250e-01
-4.260421991348266602e-01,3.520537316799163818e-01,-6.229498889297246933e-03,-6.574486941099166870e-02,-2.572499513626098633e-01,-2.473806440830230713e-01,6.671434044837951660e-01
-4.295620620250701904e-01,3.553490042686462402e-01,-5.723223090171813965e-03,-6.769320368766784668e-02,-2.625361084938049316e-01,-2.542451024055480957e-01,6.656460762023925781e-01
-4.330418705940246582e-01,3.587884604930877686e-01,-4.994370043277740479e-03,-6.844913959503173828e-02,-2.680520713329315186e-01,-2.631984055042266846e-01,6.634357571601867676e-01
-4.366840720176696777e-01,3.625806272029876709e-01,-2.701951423659920692e-03,-6.696365028619766235e-02,-2.737030982971191406e-01,-2.698014676570892334e-01,6.604129672050476074e-01
-4.403612613677978516e-01,3.638154268264770508e-01,-8.263955242000520229e-04,-6.109968200325965881e-02,-2.764460742473602295e-01,-2.722849845886230469e-01,6.564792394638061523e-01
-4.436809420585632324e-01,3.601792752742767334e-01,-2.431173808872699738e-03,-5.062979832291603088e-02,-2.720448970794677734e-01,-2.727019190788269043e-01,6.527723670005798340e-01
-4.460963606834411621e-01,3.493929803371429443e-01,-1.030806917697191238e-02,-3.529530763626098633e-02,-2.558923363685607910e-01,-2.742841839790344238e-01,6.506306529045104980e-01
-4.487347304821014404e-01,3.282817304134368896e-01,-2.201176807284355164e-02,-1.084842067211866379e-02,-2.244743406772613525e-01,-2.763061523437500000e-01,6.522856354713439941e-01
-4.496030807495117188e-01,2.947424054145812988e-01,-4.512828961014747620e-02,3.009070828557014465e-02,-1.710216999053955078e-01,-2.738292813301086426e-01,6.500525474548339844e-01
-4.451425373554229736e-01,2.133645862340927124e-01,-1.150065362453460693e-01,1.165314316749572754e-01,-6.519404798746109009e-02,-2.724090814590454102e-01,6.307653188705444336e-01
-4.359302520751953125e-01,1.289619207382202148e-01,-1.729087829589843750e-01,1.675309091806411743e-01,4.640967398881912231e-02,-2.592287063598632812e-01,6.082289218902587891e-01
-4.328955709934234619e-01,8.689237385988235474e-02,-1.848050057888031006e-01,1.786989271640777588e-01,1.082362532615661621e-01,-2.543743550777435303e-01,6.172849535942077637e-01
-4.305862486362457275e-01,6.383396685123443604e-02,-2.002943754196166992e-01,1.928060799837112427e-01,1.606063097715377808e-01,-2.619750201702117920e-01,6.383317708969116211e-01
-4.278615415096282959e-01,5.035990104079246521e-02,-2.220301181077957153e-01,2.231478840112686157e-01,2.131931930780410767e-01,-2.804634273052215576e-01,6.413667798042297363e-01
-4.259394705295562744e-01,6.032655388116836548e-02,-2.299845814704895020e-01,2.407489567995071411e-01,2.336190193891525269e-01,-2.784934043884277344e-01,6.303830742835998535e-01
-4.216263592243194580e-01,5.860674381256103516e-02,-2.370359301567077637e-01,2.322735637426376343e-01,2.452086061239242554e-01,-2.666588127613067627e-01,6.172068715095520020e-01
-4.152522981166839600e-01,5.733281373977661133e-02,-2.429334968328475952e-01,2.153193354606628418e-01,2.614852488040924072e-01,-2.311168015003204346e-01,6.218819618225097656e-01
-4.225954711437225342e-01,6.955479085445404053e-02,-2.414555549621582031e-01,2.220346927642822266e-01,2.792647480964660645e-01,-2.141125053167343140e-01,6.465787291526794434e-01
-4.353772401809692383e-01,1.050169840455055237e-01,-2.367171198129653931e-01,2.223791331052780151e-01,2.848581075668334961e-01,-1.932241916656494141e-01,6.808567643165588379e-01
-4.298248589038848877e-01,1.113402992486953735e-01,-2.508005201816558838e-01,2.163394689559936523e-01,2.961201071739196777e-01,-1.748200356960296631e-01,6.918238997459411621e-01
-4.275854527950286865e-01,1.186567544937133789e-01,-2.496157735586166382e-01,2.191250026226043701e-01,2.992889285087585449e-01,-1.646808534860610962e-01,6.913048028945922852e-01
-4.242261648178100586e-01,1.066832989454269409e-01,-2.519097030162811279e-01,2.147458046674728394e-01,3.076398670673370361e-01,-1.562213599681854248e-01,6.854704022407531738e-01
-4.195255339145660400e-01,1.012173220515251160e-01,-2.547689378261566162e-01,2.127294689416885376e-01,3.124575316905975342e-01,-1.616470366716384888e-01,6.771964430809020996e-01
-4.195933938026428223e-01,1.018862724304199219e-01,-2.561477422714233398e-01,2.113083451986312866e-01,3.191357553005218506e-01,-1.776454299688339233e-01,6.777402162551879883e-01
-4.282425940036773682e-01,1.259072273969650269e-01,-2.404057085514068604e-01,2.071606367826461792e-01,3.107526898384094238e-01,-1.925700306892395020e-01,6.958917379379272461e-01
-4.225944280624389648e-01,1.300765872001647949e-01,-2.341336160898208618e-01,2.147675603628158569e-01,2.984112501144409180e-01,-1.778446733951568604e-01,7.029269337654113770e-01
-4.048854708671569824e-01,9.771933406591415405e-02,-2.473404109477996826e-01,2.429108917713165283e-01,2.863255441188812256e-01,-1.563070416450500488e-01,6.787410974502563477e-01
-4.125900268554687500e-01,4.562316462397575378e-02,-2.482247352600097656e-01,2.961675226688385010e-01,3.020277023315429688e-01,-2.200101464986801147e-01,6.626889109611511230e-01
-4.188763201236724854e-01,1.974348165094852448e-02,-2.312890589237213135e-01,3.196935951709747314e-01,2.979033291339874268e-01,-2.159325331449508667e-01,6.597517728805541992e-01
-4.292009472846984863e-01,-1.713761501014232635e-02,-2.360256165266036987e-01,3.536264002323150635e-01,2.998489737510681152e-01,-2.054244726896286011e-01,6.730590462684631348e-01
-4.296784102916717529e-01,-4.168583825230598450e-02,-2.601898312568664551e-01,4.028107523918151855e-01,2.968560755252838135e-01,-2.113839536905288696e-01,6.738445758819580078e-01
-4.193864464759826660e-01,-4.270344600081443787e-02,-2.721142172813415527e-01,4.224819540977478027e-01,3.017636537551879883e-01,-1.991179883480072021e-01,6.804765462875366211e-01
-4.053951501846313477e-01,-4.853889346122741699e-02,-2.765685319900512695e-01,4.183690845966339111e-01,3.097172379493713379e-01,-1.654607802629470825e-01,7.010869979858398438e-01
-4.024524092674255371e-01,-5.218856036663055420e-02,-2.830477058887481689e-01,4.270040988922119141e-01,2.737501859664916992e-01,-1.631103903055191040e-01,7.029356360435485840e-01
-4.009705185890197754e-01,-4.248554632067680359e-02,-3.006486892700195312e-01,4.621726274490356445e-01,1.621161699295043945e-01,-1.823198348283767700e-01,6.326553821563720703e-01
-4.025991857051849365e-01,-4.120240733027458191e-02,-3.047365844249725342e-01,4.943253099918365479e-01,7.000929117202758789e-02,-2.255737930536270142e-01,5.211939215660095215e-01
-4.008147120475769043e-01,-5.584928765892982483e-02,-3.123585879802703857e-01,5.317565202713012695e-01,2.616686187684535980e-02,-2.583267986774444580e-01,4.172263741493225098e-01
-3.897907435894012451e-01,-6.032911688089370728e-02,-3.282966613769531250e-01,5.642208456993103027e-01,-2.660399489104747772e-02,-2.626640796661376953e-01,3.036313354969024658e-01
-3.811220526695251465e-01,-4.845178499817848206e-02,-3.459597527980804443e-01,5.751540064811706543e-01,-8.672305941581726074e-02,-2.423863857984542847e-01,1.840993016958236694e-01
-3.846867680549621582e-01,-2.885360270738601685e-02,-3.429563045501708984e-01,5.689364075660705566e-01,-1.374817937612533569e-01,-2.126730680465698242e-01,1.032856032252311707e-01
-3.912487328052520752e-01,-2.266275510191917419e-02,-3.326670825481414795e-01,5.622384548187255859e-01,-1.572742909193038940e-01,-2.053543031215667725e-01,7.676964998245239258e-02
-3.942782580852508545e-01,-7.975619286298751831e-03,-3.249219954013824463e-01,5.652635097503662109e-01,-1.694722324609756470e-01,-2.092307955026626587e-01,6.617606431245803833e-02
-3.937794864177703857e-01,2.279214747250080109e-02,-3.290901482105255127e-01,5.760506987571716309e-01,-1.812059730291366577e-01,-2.123780250549316406e-01,1.994491741061210632e-02
-3.875387012958526611e-01,5.657751858234405518e-02,-3.304155170917510986e-01,5.693961977958679199e-01,-1.840141713619232178e-01,-2.214649766683578491e-01,-1.793625578284263611e-02
-3.789989650249481201e-01,9.321582317352294922e-02,-3.310066461563110352e-01,5.579365491867065430e-01,-1.798813343048095703e-01,-2.256696224212646484e-01,-3.871539607644081116e-02
-3.769966661930084229e-01,1.444208472967147827e-01,-3.313492834568023682e-01,5.538890957832336426e-01,-1.908423602581024170e-01,-2.227614074945449829e-01,-5.236241221427917480e-02
-3.836954534053802490e-01,1.923015117645263672e-01,-3.292351365089416504e-01,5.565448999404907227e-01,-2.147326022386550903e-01,-2.252658456563949585e-01,-7.394938915967941284e-02
-3.928238749504089355e-01,2.281741797924041748e-01,-3.263156414031982422e-01,5.579455494880676270e-01,-2.359655350446701050e-01,-2.164465337991714478e-01,-1.159555166959762573e-01
-4.007822275161743164e-01,2.617947459220886230e-01,-3.249066472053527832e-01,5.566698312759399414e-01,-2.436528205871582031e-01,-2.087154686450958252e-01,-1.661093086004257202e-01
-4.041464030742645264e-01,3.058435320854187012e-01,-3.268211483955383301e-01,5.555030703544616699e-01,-2.504021227359771729e-01,-2.018500417470932007e-01,-2.110802233219146729e-01
-4.017028808593750000e-01,3.255380392074584961e-01,-3.433847129344940186e-01,5.663561820983886719e-01,-2.471338063478469849e-01,-2.039769738912582397e-01,-2.456956207752227783e-01
-4.016533493995666504e-01,3.710086345672607422e-01,-3.352408111095428467e-01,5.488787293434143066e-01,-2.753007411956787109e-01,-1.744924783706665039e-01,-2.533538341522216797e-01
-4.000282287597656250e-01,3.878036439418792725e-01,-3.523342907428741455e-01,5.448983311653137207e-01,-2.632977068424224854e-01,-1.568006277084350586e-01,-2.626602053642272949e-01
-3.953828811645507812e-01,4.046800434589385986e-01,-3.589633703231811523e-01,5.335444808006286621e-01,-2.541300952434539795e-01,-9.892600774765014648e-02,-2.572074234485626221e-01
-3.976557254791259766e-01,4.331373572349548340e-01,-3.491311967372894287e-01,5.109028220176696777e-01,-2.949522435665130615e-01,-2.031690813601016998e-02,-2.295405417680740356e-01
-4.020602405071258545e-01,4.406812787055969238e-01,-3.486654460430145264e-01,5.090419650077819824e-01,-3.371889293193817139e-01,1.504539884626865387e-02,-2.068328559398651123e-01
-4.077682495117187500e-01,4.785843789577484131e-01,-3.355684876441955566e-01,4.865219295024871826e-01,-3.989947140216827393e-01,1.009350121021270752e-01,-1.997094601392745972e-01
-4.099986255168914795e-01,5.469690561294555664e-01,-3.273530602455139160e-01,4.334228336811065674e-01,-4.793914258480072021e-01,2.313428521156311035e-01,-2.013217955827713013e-01
-3.941451013088226318e-01,5.792070627212524414e-01,-3.591080605983734131e-01,3.765328526496887207e-01,-5.138465166091918945e-01,2.798026204109191895e-01,-2.381912320852279663e-01
-3.879829645156860352e-01,6.129927039146423340e-01,-3.747811019420623779e-01,3.008117079734802246e-01,-5.399423837661743164e-01,3.182149231433868408e-01,-2.456980794668197632e-01
-3.838726878166198730e-01,6.386810541152954102e-01,-3.799889683723449707e-01,2.730742394924163818e-01,-5.481462478637695312e-01,3.299914896488189697e-01,-2.255237400531768799e-01
-3.827774226665496826e-01,6.596378684043884277e-01,-3.723658621311187744e-01,2.495443522930145264e-01,-5.597521066665649414e-01,3.538036346435546875e-01,-1.918040215969085693e-01
-3.721204698085784912e-01,6.684669852256774902e-01,-3.680892884731292725e-01,2.328774333000183105e-01,-5.666342377662658691e-01,3.826493322849273682e-01,-1.752359122037887573e-01
-3.615889251232147217e-01,6.673697233200073242e-01,-3.672809600830078125e-01,2.189792841672897339e-01,-5.656300187110900879e-01,4.055568277835845947e-01,-1.778495162725448608e-01
-3.605427443981170654e-01,6.654069423675537109e-01,-3.699699044227600098e-01,2.022927701473236084e-01,-5.613627433776855469e-01,4.154064357280731201e-01,-1.877454668283462524e-01
-3.681898415088653564e-01,6.755731701850891113e-01,-3.696193993091583252e-01,1.846805363893508911e-01,-5.681696534156799316e-01,4.198699593544006348e-01,-1.811067759990692139e-01
-3.730599582195281982e-01,6.972391605377197266e-01,-3.731198310852050781e-01,1.513649821281433105e-01,-5.833781957626342773e-01,4.337803721427917480e-01,-1.482106894254684448e-01
-3.654240369796752930e-01,7.269738912582397461e-01,-3.836601972579956055e-01,9.219453483819961548e-02,-5.954959392547607422e-01,4.576261341571807861e-01,-1.093914508819580078e-01
-3.581452667713165283e-01,7.552155852317810059e-01,-3.916738927364349365e-01,5.204138532280921936e-02,-5.922846794128417969e-01,4.535087943077087402e-01,-8.778152614831924438e-02
-3.594596385955810547e-01,7.774521112442016602e-01,-3.944028019905090332e-01,1.613824069499969482e-02,-5.804533958435058594e-01,4.367066323757171631e-01,-8.360925316810607910e-02
-3.673371076583862305e-01,7.941956520080566406e-01,-3.945468366146087646e-01,-2.517065219581127167e-02,-5.754513144493103027e-01,4.268108010292053223e-01,-7.883828133344650269e-02
-3.749571442604064941e-01,8.057773113250732422e-01,-3.981903195381164551e-01,-5.227448418736457825e-02,-5.712743401527404785e-01,4.270355403423309326e-01,-7.388779520988464355e-02
-3.736627697944641113e-01,8.116701245307922363e-01,-4.134710729122161865e-01,-5.326253548264503479e-02,-5.552780032157897949e-01,4.376111924648284912e-01,-8.118189871311187744e-02
-3.645513653755187988e-01,8.126852512359619141e-01,-4.247752130031585693e-01,-4.161111265420913696e-02,-5.351873040199279785e-01,4.525513947010040283e-01,-9.300415962934494019e-02
-3.489603102207183838e-01,8.102886676788330078e-01,-4.311675131320953369e-01,-3.831591084599494934e-02,-5.201973915100097656e-01,4.535873830318450928e-01,-1.215486526489257812e-01
-3.429129421710968018e-01,8.083749413490295410e-01,-4.223934113979339600e-01,-3.702195733785629272e-02,-5.362423062324523926e-01,4.440231621265411377e-01,-1.339160352945327759e-01
-3.577453494071960449e-01,8.157697916030883789e-01,-3.925876617431640625e-01,1.288580987602472305e-02,-5.859151482582092285e-01,4.566524624824523926e-01,-7.649485021829605103e-02
-3.312619626522064209e-01,7.962915301322937012e-01,-4.187219738960266113e-01,6.599198281764984131e-02,-5.848003029823303223e-01,4.576050937175750732e-01,-9.846249222755432129e-02
-2.991265058517456055e-01,7.441051006317138672e-01,-4.300021827220916748e-01,1.080870628356933594e-01,-5.640360713005065918e-01,4.640775620937347412e-01,-1.224553287029266357e-01
-2.740285992622375488e-01,6.624150872230529785e-01,-4.315837323665618896e-01,1.286229342222213745e-01,-5.400903224945068359e-01,4.780648946762084961e-01,-1.459968537092208862e-01
-2.460275888442993164e-01,5.636371970176696777e-01,-4.305966198444366455e-01,1.460264772176742554e-01,-5.105526447296142578e-01,4.834662973880767822e-01,-1.788329035043716431e-01
-2.130198776721954346e-01,4.171093106269836426e-01,-4.281299114227294922e-01,1.421990990638732910e-01,-4.477306306362152100e-01,5.030463337898254395e-01,-1.841096282005310059e-01
-1.931627243757247925e-01,3.007664084434509277e-01,-4.299715757369995117e-01,1.065603643655776978e-01,-3.974539637565612793e-01,4.954439699649810791e-01,-9.567915648221969604e-02
-1.845237165689468384e-01,2.218826413154602051e-01,-4.609370827674865723e-01,1.572849303483963013e-01,-3.637157380580902100e-01,4.560977518558502197e-01,-4.647377133369445801e-02
-1.876012682914733887e-01,1.397374719381332397e-01,-4.725261926651000977e-01,1.699809879064559937e-01,-3.355875909328460693e-01,3.944976031780242920e-01,-3.666879842057824135e-03
-1.939738690853118896e-01,1.003152802586555481e-01,-4.576353430747985840e-01,1.319862753152847290e-01,-3.420389890670776367e-01,3.388920128345489502e-01,8.305267989635467529e-02
-1.897586137056350708e-01,6.029138341546058655e-02,-4.594868123531341553e-01,1.092080324888229370e-01,-3.329356312751770020e-01,2.917252779006958008e-01,1.393625736236572266e-01
-1.858547776937484741e-01,3.802500292658805847e-02,-4.586354792118072510e-01,1.059364229440689087e-01,-3.140922188758850098e-01,2.703998684883117676e-01,1.687965095043182373e-01
-1.910545974969863892e-01,3.609586134552955627e-02,-4.542361795902252197e-01,9.939794242382049561e-02,-3.013228178024291992e-01,2.577712237834930420e-01,1.864246279001235962e-01
-1.959438174962997437e-01,3.832001239061355591e-02,-4.479549527168273926e-01,9.584330022335052490e-02,-2.992963194847106934e-01,2.517238557338714600e-01,1.963179409503936768e-01
-1.996176838874816895e-01,3.343182429671287537e-02,-4.441553950309753418e-01,9.925737977027893066e-02,-2.971937358379364014e-01,2.444209158420562744e-01,1.975277364253997803e-01
-2.062168568372726440e-01,3.633061423897743225e-02,-4.360000193119049072e-01,9.987443685531616211e-02,-3.008835017681121826e-01,2.419816553592681885e-01,1.974438279867172241e-01
-2.126807868480682373e-01,5.068966746330261230e-02,-4.278281331062316895e-01,9.617806971073150635e-02,-3.101758360862731934e-01,2.456007450819015503e-01,1.922726929187774658e-01
-2.168353497982025146e-01,6.723090261220932007e-02,-4.237800240516662598e-01,9.592921286821365356e-02,-3.187043964862823486e-01,2.501354515552520752e-01,1.806114315986633301e-01
-2.192304283380508423e-01,8.294322341680526733e-02,-4.218994677066802979e-01,9.689955413341522217e-02,-3.263572454452514648e-01,2.556225657463073730e-01,1.699691712856292725e-01
-2.200230062007904053e-01,9.374994039535522461e-02,-4.218797981739044189e-01,9.722977131605148315e-02,-3.303051292896270752e-01,2.614218592643737793e-01,1.632777303457260132e-01
-2.202152013778686523e-01,9.959096461534500122e-02,-4.216293394565582275e-01,9.633028507232666016e-02,-3.320628702640533447e-01,2.673946022987365723e-01,1.621395349502563477e-01
-2.203308343887329102e-01,1.002436578273773193e-01,-4.206470549106597900e-01,9.559437632560729980e-02,-3.321859240531921387e-01,2.718797326087951660e-01,1.640840172767639160e-01
-2.210535705089569092e-01,9.816961735486984253e-02,-4.181067943572998047e-01,9.508914500474929810e-02,-3.317840695381164551e-01,2.741610407829284668e-01,1.666228622198104858e-01
-2.230363190174102783e-01,9.628789871931076050e-02,-4.141091704368591309e-01,9.463878720998764038e-02,-3.314969837665557861e-01,2.736238837242126465e-01,1.687095910310745239e-01
-2.265018224716186523e-01,9.666920453310012817e-02,-4.092658162117004395e-01,9.362477064132690430e-02,-3.316370844841003418e-01,2.701273560523986816e-01,1.703232079744338989e-01
