-4.344815611839294434e-01,3.706485331058502197e-01,-6.615889258682727814e-03,-7.454751431941986084e-02,-2.878375053405761719e-01,-2.576060891151428223e-01,6.675320267677307129e-01
-4.268797934055328369e-01,3.628162145614624023e-01,-1.297189388424158096e-02,-3.627930209040641785e-02,-2.554672956466674805e-01,-2.543156147003173828e-01,5.917798280715942383e-01
-4.382416903972625732e-01,3.705400526523590088e-01,1.947543001733720303e-03,-5.479661747813224792e-02,-2.698291242122650146e-01,-2.431361228227615356e-01,6.471713185310363770e-01
-4.422036409378051758e-01,3.621629774570465088e-01,-2.656043274328112602e-03,-4.587863385677337646e-02,-2.744771540164947510e-01,-2.594215273857116699e-01,6.555190682411193848e-01
-4.449947774410247803e-01,3.635821938514709473e-01,-6.164281512610614300e-04,-4.247524216771125793e-02,-2.804845273494720459e-01,-2.602084577083587646e-01,6.544463634490966797e-01
-4.409281313419342041e-01,3.641966879367828369e-01,-3.598700975999236107e-03,-3.510489687323570251e-02,-2.823450267314910889e-01,-2.477924823760986328e-01,6.484531760215759277e-01
-4.349926114082336426e-01,3.675796985626220703e-01,-2.856376580893993378e-03,-3.768961131572723389e-02,-2.848629355430603027e-01,-2.333997786045074463e-01,6.440252661705017090e-01
-4.316084980964660645e-01,3.703254759311676025e-01,-3.250178880989551544e-03,-4.515582695603370667e-02,-2.860838770866394043e-01,-2.218079715967178345e-01,6.429828405380249023e-01
-4.315326213836669922e-01,3.711954951286315918e-01,-3.981376532465219498e-03,-5.364380404353141785e-02,-2.859568595886230469e-01,-2.174982875585556030e-01,6.445500254631042480e-01
-4.330397844314575195e-01,3.687933087348937988e-01,-5.589476320892572403e-03,-5.711943656206130981e-02,-2.841708660125732422e-01,-2.192989587783813477e-01,6.467155814170837402e-01
-4.343526959419250488e-01,3.655416369438171387e-01,-7.829103618860244751e-03,-5.683065578341484070e-02,-2.829209566116333008e-01,-2.254382669925689697e-01,6.478070020675659180e-01
-4.348097145557403564e-01,3.645686805248260498e-01,-1.033174898475408554e-02,-5.568019673228263855e-02,-2.832061052322387695e-01,-2.324514687061309814e-01,6.471017003059387207e-01
-4.359614253044128418e-01,3.675160408020019531e-01,-1.170070562511682510e-02,-5.555122345685958862e-02,-2.847716808319091797e-01,-2.380600869655609131e-01,6.457315683364868164e-01
-4.385561645030975342e-01,3.726694285869598389e-01,-1.086099073290824890e-02,-5.660634115338325500e-02,-2.865754067897796631e-01,-2.418439239263534546e-01,6.458079218864440918e-01
-4.423272907733917236e-01,3.774159848690032959e-01,-7.607217412441968918e-03,-5.913429707288742065e-02,-2.871019840240478516e-01,-2.455392032861709595e-01,6.484046578407287598e-01
-4.460218250751495361e-01,3.817259371280670166e-01,-2.494570799171924591e-03,-6.282965838909149170e-02,-2.874766290187835693e-01,-2.486083507537841797e-01,6.521357893943786621e-01
-4.481516182422637939e-01,3.857367634773254395e-01,2.724900376051664352e-03,-6.660042703151702881e-02,-2.882952392101287842e-01,-2.504627406597137451e-01,6.552940011024475098e-01
-4.482551217079162598e-01,3.900241255760192871e-01,7.227581925690174103e-03,-6.938389688730239868e-02,-2.902215719223022461e-01,-2.518617808818817139e-01,6.579890251159667969e-01
-4.471591711044311523e-01,3.933577537536621094e-01,1.062341686338186264e-02,-7.138264924287796021e-02,-2.919002175331115723e-01,-2.540023028850555420e-01,6.616240739822387695e-01
-4.454168677330017090e-01,3.945607841014862061e-01,1.261097565293312073e-02,-7.355107367038726807e-02,-2.920095324516296387e-01,-2.567217648029327393e-01,6.663998961448669434e-01
-4.436760246753692627e-01,3.933287262916564941e-01,1.373855117708444595e-02,-7.724162191152572632e-02,-2.902476787567138672e-01,-2.584344446659088135e-01,6.719991564750671387e-01
-4.432118535041809082e-01,3.915282189846038818e-01,1.470709778368473053e-02,-8.192618936300277710e-02,-2.884665429592132568e-01,-2.569585740566253662e-01,6.780507564544677734e-01
-4.434953033924102783e-01,3.906905651092529297e-01,1.547867711633443832e-02,-8.507346361875534058e-02,-2.883035242557525635e-01,-2.510854303836822510e-01,6.838826537132263184e-01
-4.438447058200836182e-01,3.898266553878784180e-01,1.506457757204771042e-02,-8.350449800491333008e-02,-2.890254259109497070e-01,-2.417462021112442017e-01,6.880215406417846680e-01
-4.436509609222412109e-01,3.861055076122283936e-01,1.223156135529279709e-02,-7.678288221359252930e-02,-2.880694866180419922e-01,-2.326452285051345825e-01,6.890201568603515625e-01
-4.436633884906768799e-01,3.771240115165710449e-01,6.587991956621408463e-03,-6.547468900680541992e-02,-2.821031808853149414e-01,-2.276989668607711792e-01,6.868628859519958496e-01
-4.445456862449645996e-01,3.637482821941375732e-01,-5.892509943805634975e-04,-5.036785453557968140e-02,-2.702156305313110352e-01,-2.279179990291595459e-01,6.828664541244506836e-01
-4.464074373245239258e-01,3.465025126934051514e-01,-1.003423798829317093e-02,-3.170845657587051392e-02,-2.504588663578033447e-01,-2.298838049173355103e-01,6.787154674530029297e-01
-4.492390751838684082e-01,3.281432688236236572e-01,-2.240892499685287476e-02,-8.064162917435169220e-03,-2.233094274997711182e-01,-2.332540154457092285e-01,6.749174594879150391e-01
-4.538567066192626953e-01,3.085177540779113770e-01,-3.803788125514984131e-02,1.980132609605789185e-02,-1.875246614217758179e-01,-2.353936433792114258e-01,6.727165579795837402e-01
-4.581211209297180176e-01,2.865598201751708984e-01,-6.201746314764022827e-02,5.473291501402854919e-02,-1.405492424964904785e-01,-2.375759929418563843e-01,6.694720983505249023e-01
-4.590976536273956299e-01,2.619921267032623291e-01,-9.311496466398239136e-02,9.273725748062133789e-02,-8.322249352931976318e-02,-2.349835932254791260e-01,6.629753112792968750e-01
-4.605962336063385010e-01,2.349314838647842407e-01,-1.166453585028648376e-01,1.251746863126754761e-01,-1.863447763025760651e-02,-2.238239198923110962e-01,6.570664048194885254e-01
-4.592903554439544678e-01,2.055735439062118530e-01,-1.352907717227935791e-01,1.375927627086639404e-01,4.437002167105674744e-02,-2.146265953779220581e-01,6.528532505035400391e-01
-4.531872570514678955e-01,1.856528073549270630e-01,-1.450601071119308472e-01,1.367444545030593872e-01,9.315536171197891235e-02,-2.002839446067810059e-01,6.497299671173095703e-01
-4.470985233783721924e-01,1.753238141536712646e-01,-1.535147577524185181e-01,1.327530145645141602e-01,1.296609640121459961e-01,-1.802372485399246216e-01,6.483611464500427246e-01
-4.448604285717010498e-01,1.775223314762115479e-01,-1.601030975580215454e-01,1.339124888181686401e-01,1.558673083782196045e-01,-1.611909866333007812e-01,6.544145345687866211e-01
-4.428861141204833984e-01,1.707417666912078857e-01,-1.752681434154510498e-01,1.550209969282150269e-01,1.922847330570220947e-01,-1.386185288429260254e-01,6.662775278091430664e-01
-4.366767108440399170e-01,1.583818495273590088e-01,-1.835828572511672974e-01,1.680163592100143433e-01,2.271655499935150146e-01,-1.118867620825767517e-01,6.820755004882812500e-01
-4.325733780860900879e-01,1.517418920993804932e-01,-1.817568838596343994e-01,1.688537746667861938e-01,2.409777343273162842e-01,-8.478771895170211792e-02,6.951382756233215332e-01
-4.307859241962432861e-01,1.484153568744659424e-01,-1.824672371149063110e-01,1.722064316272735596e-01,2.420895397663116455e-01,-5.507979169487953186e-02,7.000616192817687988e-01
-4.298192560672760010e-01,1.435792446136474609e-01,-1.878076195716857910e-01,1.759614944458007812e-01,2.418444305658340454e-01,-3.757101297378540039e-02,6.990903615951538086e-01
-4.316985309123992920e-01,1.498402804136276245e-01,-1.862314194440841675e-01,1.717283427715301514e-01,2.386984676122665405e-01,-3.639287874102592468e-02,6.977721452713012695e-01
-4.304176867008209229e-01,1.470744311809539795e-01,-1.926211565732955933e-01,1.705713123083114624e-01,2.461604028940200806e-01,-3.015756420791149139e-02,6.907795667648315430e-01
-4.232383668422698975e-01,1.430053710937500000e-01,-2.008590996265411377e-01,1.705510616302490234e-01,2.611480057239532471e-01,-1.634695008397102356e-02,6.760930418968200684e-01
-4.243941009044647217e-01,1.562098860740661621e-01,-1.939344406127929688e-01,1.693192422389984131e-01,2.583854198455810547e-01,-2.875759731978178024e-03,6.705390214920043945e-01
-4.283660650253295898e-01,1.654110550880432129e-01,-1.905785053968429565e-01,1.565921455621719360e-01,2.502416074275970459e-01,5.756601225584745407e-03,6.698306798934936523e-01
-4.262176752090454102e-01,1.596096009016036987e-01,-1.991277635097503662e-01,1.314566880464553833e-01,2.481723129749298096e-01,4.305479116737842560e-03,6.709306240081787109e-01
-4.226177334785461426e-01,1.501222699880599976e-01,-2.034013718366622925e-01,1.511132121086120605e-01,2.486132383346557617e-01,-7.855182513594627380e-03,6.830753087997436523e-01
-4.088061749935150146e-01,1.304226964712142944e-01,-2.034525275230407715e-01,2.022093236446380615e-01,2.521768510341644287e-01,-5.768347997218370438e-03,6.888113617897033691e-01
-4.031258225440979004e-01,1.393853127956390381e-01,-1.997546553611755371e-01,2.378432899713516235e-01,2.214108258485794067e-01,-6.762756034731864929e-03,6.729521751403808594e-01
-4.011437892913818359e-01,1.372766643762588501e-01,-1.987522393465042114e-01,2.418489605188369751e-01,2.194953858852386475e-01,4.746968857944011688e-03,6.622795462608337402e-01
-3.985562920570373535e-01,1.148013994097709656e-01,-2.021709233522415161e-01,2.349090874195098877e-01,2.485245615243911743e-01,8.992266841232776642e-03,6.652072072029113770e-01
-4.067928493022918701e-01,8.258024603128433228e-02,-2.125178426504135132e-01,2.495870739221572876e-01,2.677814066410064697e-01,-8.256687782704830170e-03,6.830599904060363770e-01
-4.139221906661987305e-01,6.031615287065505981e-02,-2.175659388303756714e-01,2.790980637073516846e-01,2.563390433788299561e-01,-3.064478375017642975e-02,6.920046806335449219e-01
-4.201734662055969238e-01,5.872384831309318542e-02,-2.065341025590896606e-01,3.125720322132110596e-01,2.067473828792572021e-01,-5.881152674555778503e-02,6.775555014610290527e-01
-4.218172430992126465e-01,6.226552277803421021e-02,-1.948535889387130737e-01,3.412403166294097900e-01,1.419654041528701782e-01,-8.908146619796752930e-02,6.462159752845764160e-01
-4.291670322418212891e-01,6.488752365112304688e-02,-1.873515695333480835e-01,3.712523281574249268e-01,7.740389555692672729e-02,-1.176151931285858154e-01,6.100521087646484375e-01
-4.313498139381408691e-01,7.645325362682342529e-02,-2.052340060472488403e-01,4.051898121833801270e-01,-8.635387755930423737e-03,-1.261441260576248169e-01,5.142961740493774414e-01
-4.317781925201416016e-01,8.920878171920776367e-02,-2.355830371379852295e-01,4.335272610187530518e-01,-9.883029013872146606e-02,-1.226992160081863403e-01,3.582750856876373291e-01
-4.312984049320220947e-01,9.347309917211532593e-02,-2.524259090423583984e-01,4.486405849456787109e-01,-1.477020233869552612e-01,-1.068253368139266968e-01,2.497884780168533325e-01
-4.266405701637268066e-01,9.901326149702072144e-02,-2.658963799476623535e-01,4.570454955101013184e-01,-1.706459671258926392e-01,-1.119887754321098328e-01,1.933237463235855103e-01
-4.262787699699401855e-01,1.179539337754249573e-01,-2.702817320823669434e-01,4.634875655174255371e-01,-1.954099982976913452e-01,-1.349826604127883911e-01,1.736746430397033691e-01
-4.271024465560913086e-01,1.381483525037765503e-01,-2.732876837253570557e-01,4.653301835060119629e-01,-2.165521234273910522e-01,-1.575962305068969727e-01,1.870613992214202881e-01
-4.275854825973510742e-01,1.589473038911819458e-01,-2.791483700275421143e-01,4.613139927387237549e-01,-2.310426533222198486e-01,-1.705343425273895264e-01,2.130807638168334961e-01
-4.240570366382598877e-01,1.775891035795211792e-01,-2.922425270080566406e-01,4.628886580467224121e-01,-2.349561750888824463e-01,-1.793601363897323608e-01,2.300011366605758667e-01
-4.230191111564636230e-01,2.093320637941360474e-01,-2.915638089179992676e-01,4.686084985733032227e-01,-2.399149984121322632e-01,-1.721821427345275879e-01,2.401311695575714111e-01
-4.262143969535827637e-01,2.501863539218902588e-01,-2.952242493629455566e-01,4.773087203502655029e-01,-2.533686757087707520e-01,-1.593883037567138672e-01,2.336293458938598633e-01
-4.251245558261871338e-01,2.890750467777252197e-01,-2.955293059349060059e-01,4.810314774513244629e-01,-2.660998404026031494e-01,-1.408997774124145508e-01,2.127474099397659302e-01
-4.089730083942413330e-01,3.154047429561614990e-01,-3.017537891864776611e-01,4.725013971328735352e-01,-2.640313804149627686e-01,-1.157204955816268921e-01,1.651069074869155884e-01
-3.971267938613891602e-01,3.423683345317840576e-01,-3.004331886768341064e-01,4.570597708225250244e-01,-2.643533051013946533e-01,-1.025190278887748718e-01,1.182136833667755127e-01
-4.069564938545227051e-01,4.040525257587432861e-01,-2.957750260829925537e-01,4.410195648670196533e-01,-2.757508754730224609e-01,-9.383872151374816895e-02,8.767652511596679688e-02
-4.190552234649658203e-01,4.773861169815063477e-01,-3.105532824993133545e-01,4.331083595752716064e-01,-2.864273786544799805e-01,-7.814981788396835327e-02,5.834747478365898132e-02
-4.078913331031799316e-01,4.740200042724609375e-01,-3.299943506717681885e-01,4.557161033153533936e-01,-2.747178375720977783e-01,-7.076454162597656250e-02,1.186128426343202591e-02
-3.959114253520965576e-01,4.600937366485595703e-01,-3.221135735511779785e-01,4.736833274364471436e-01,-2.837860584259033203e-01,-5.073894560337066650e-02,-9.201843291521072388e-03
-3.905254006385803223e-01,4.558783471584320068e-01,-3.196258246898651123e-01,4.791587293148040771e-01,-2.982006072998046875e-01,-1.938809081912040710e-02,-1.165521051734685898e-02
-3.915882408618927002e-01,4.788122475147247314e-01,-3.170838057994842529e-01,4.573659598827362061e-01,-3.291368782520294189e-01,2.714348770678043365e-02,7.896353490650653839e-03
-3.898728787899017334e-01,5.129364728927612305e-01,-3.269341289997100830e-01,4.200433194637298584e-01,-3.657741546630859375e-01,1.019151136279106140e-01,2.157447300851345062e-02
-3.952090740203857422e-01,5.599020719528198242e-01,-3.327906429767608643e-01,3.888630270957946777e-01,-4.163456261157989502e-01,1.702996939420700073e-01,3.305481374263763428e-02
-4.001560211181640625e-01,6.049699783325195312e-01,-3.473180532455444336e-01,3.616452813148498535e-01,-4.652240276336669922e-01,2.434036731719970703e-01,5.242190673016011715e-04
-3.893238306045532227e-01,6.631896495819091797e-01,-3.531329035758972168e-01,2.882085442543029785e-01,-5.327790975570678711e-01,3.093172609806060791e-01,-2.774834632873535156e-02
-3.823836445808410645e-01,7.098953127861022949e-01,-3.575488924980163574e-01,1.830489188432693481e-01,-5.847064852714538574e-01,3.588761389255523682e-01,-4.820219054818153381e-02
-3.800902664661407471e-01,7.457074522972106934e-01,-3.591454625129699707e-01,1.401334106922149658e-01,-6.253656148910522461e-01,3.720258772373199463e-01,-2.637614123523235321e-02
-3.840209841728210449e-01,7.609252929687500000e-01,-3.658801019191741943e-01,1.194190382957458496e-01,-6.447300314903259277e-01,3.894367516040802002e-01,-1.778826117515563965e-05
-3.967869579792022705e-01,7.656056880950927734e-01,-3.669730722904205322e-01,1.012300625443458557e-01,-6.559583544731140137e-01,3.969964385032653809e-01,3.534416481852531433e-02
-4.037283658981323242e-01,7.657164931297302246e-01,-3.659904301166534424e-01,9.094089269638061523e-02,-6.602929830551147461e-01,3.908872306346893311e-01,7.269036769866943359e-02
-3.996656537055969238e-01,7.669459581375122070e-01,-3.618288040161132812e-01,9.042847156524658203e-02,-6.580471992492675781e-01,3.846486508846282959e-01,9.748136252164840698e-02
-3.920911848545074463e-01,7.738025188446044922e-01,-3.478491902351379395e-01,9.077752381563186646e-02,-6.542719602584838867e-01,3.715648055076599121e-01,1.155020296573638916e-01
-3.857738375663757324e-01,7.837090492248535156e-01,-3.221184313297271729e-01,7.679253071546554565e-02,-6.521954536437988281e-01,3.544315695762634277e-01,1.350685805082321167e-01
-3.892021179199218750e-01,7.953293919563293457e-01,-3.075384199619293213e-01,2.954262495040893555e-02,-6.537959575653076172e-01,3.342630863189697266e-01,1.566294878721237183e-01
-3.997701406478881836e-01,8.122183084487915039e-01,-3.097571730613708496e-01,-1.201077830046415329e-02,-6.651824712753295898e-01,3.216919004917144775e-01,1.831060200929641724e-01
-4.026668965816497803e-01,8.240561485290527344e-01,-3.142900764942169189e-01,-1.867694407701492310e-02,-6.780385971069335938e-01,3.179560005664825439e-01,2.097331732511520386e-01
-3.970845937728881836e-01,8.256232738494873047e-01,-3.184088766574859619e-01,-5.960373673588037491e-03,-6.829692721366882324e-01,3.295969665050506592e-01,2.296052724123001099e-01
-3.891341984272003174e-01,8.194425106048583984e-01,-3.240758180618286133e-01,1.620480418205261230e-02,-6.800077557563781738e-01,3.490790724754333496e-01,2.318377643823623657e-01
-3.800677061080932617e-01,8.101756572723388672e-01,-3.289317786693572998e-01,5.316575989127159119e-02,-6.767405271530151367e-01,3.712027966976165771e-01,2.209931313991546631e-01
-3.749288618564605713e-01,8.019723892211914062e-01,-3.269436359405517578e-01,8.709749579429626465e-02,-6.840523481369018555e-01,3.995233774185180664e-01,2.109012603759765625e-01
-3.687641620635986328e-01,7.895199060440063477e-01,-3.243457674980163574e-01,1.104458719491958618e-01,-6.895372867584228516e-01,4.173458218574523926e-01,1.965140104293823242e-01
-3.530966639518737793e-01,7.574800848960876465e-01,-3.326005637645721436e-01,1.213338822126388550e-01,-6.769719719886779785e-01,4.173688590526580811e-01,1.901233792304992676e-01
-3.349356353282928467e-01,6.876204609870910645e-01,-3.325510919094085693e-01,1.143918260931968689e-01,-6.408016681671142578e-01,3.939291834831237793e-01,2.016809731721878052e-01
-3.058106899261474609e-01,5.490729808807373047e-01,-3.374524414539337158e-01,1.156056970357894897e-01,-5.823755860328674316e-01,3.311540186405181885e-01,2.259917557239532471e-01
-3.108088672161102295e-01,4.275461733341217041e-01,-3.085905015468597412e-01,7.321827858686447144e-02,-5.432476401329040527e-01,2.626927196979522705e-01,2.952677905559539795e-01
-3.018866479396820068e-01,3.091962039470672607e-01,-3.127672076225280762e-01,7.126165181398391724e-02,-4.922952651977539062e-01,2.180497795343399048e-01,3.722838163375854492e-01
-2.814553380012512207e-01,2.353496104478836060e-01,-3.073315322399139404e-01,3.779083862900733948e-02,-4.587903618812561035e-01,1.559501588344573975e-01,4.312542378902435303e-01
-2.610231637954711914e-01,1.821293383836746216e-01,-3.197758197784423828e-01,2.273108437657356262e-02,-4.375917017459869385e-01,1.079602241516113281e-01,4.698141813278198242e-01
-2.525632679462432861e-01,1.686665862798690796e-01,-3.263331949710845947e-01,4.098623525351285934e-03,-4.382240772247314453e-01,6.583739072084426880e-02,4.936909675598144531e-01
-2.673063278198242188e-01,1.811940371990203857e-01,-3.238465487957000732e-01,-1.108444202691316605e-02,-4.528455138206481934e-01,3.956377506256103516e-02,5.107334256172180176e-01
-2.841216325759887695e-01,1.987172663211822510e-01,-3.160766065120697021e-01,-2.238742075860500336e-02,-4.694731533527374268e-01,3.126882016658782959e-02,5.221034288406372070e-01
-2.901899814605712891e-01,2.043158710002899170e-01,-3.146073818206787109e-01,-2.883542515337467194e-02,-4.764967858791351318e-01,3.053531609475612640e-02,5.247027873992919922e-01
-2.880729734897613525e-01,1.973441839218139648e-01,-3.191809952259063721e-01,-3.305391967296600342e-02,-4.745683073997497559e-01,3.311361372470855713e-02,5.232822299003601074e-01
-2.823121249675750732e-01,1.814170032739639282e-01,-3.273060321807861328e-01,-3.243925422430038452e-02,-4.665606319904327393e-01,3.778200596570968628e-02,5.234516859054565430e-01
-2.756886184215545654e-01,1.634995341300964355e-01,-3.374168872833251953e-01,-2.673325501382350922e-02,-4.553025364875793457e-01,4.359682649374008179e-02,5.267314910888671875e-01
-2.711431682109832764e-01,1.511617004871368408e-01,-3.451918065547943115e-01,-1.729062758386135101e-02,-4.459948837757110596e-01,4.655273258686065674e-02,5.324617028236389160e-01
-2.698123753070831299e-01,1.450169086456298828e-01,-3.500707149505615234e-01,-6.401786580681800842e-03,-4.390546679496765137e-01,4.752017185091972351e-02,5.379644632339477539e-01
-2.715232968330383301e-01,1.460343599319458008e-01,-3.506371974945068359e-01,3.273382317274808884e-03,-4.366064965724945068e-01,4.559239000082015991e-02,5.419821739196777344e-01
-2.744788527488708496e-01,1.502833366394042969e-01,-3.483493626117706299e-01,1.129398774355649948e-02,-4.376848638057708740e-01,4.152227938175201416e-02,5.426895022392272949e-01
-2.767727375030517578e-01,1.537316888570785522e-01,-3.447671830654144287e-01,1.775576174259185791e-02,-4.403214752674102783e-01,3.582725673913955688e-02,5.385582447052001953e-01
-2.777006924152374268e-01,1.539783030748367310e-01,-3.414087593555450439e-01,2.328644879162311554e-02,-4.423222243785858154e-01,2.985031343996524811e-02,5.292369723320007324e-01
-2.774855792522430420e-01,1.511854976415634155e-01,-3.393766880035400391e-01,2.766834758222103119e-02,-4.421994090080261230e-01,2.470389939844608307e-02,5.156002640724182129e-01
-2.767017781734466553e-01,1.472628861665725708e-01,-3.391005098819732666e-01,3.016879037022590637e-02,-4.396558403968811035e-01,2.108538523316383362e-02,4.994281530380249023e-01
-2.759431600570678711e-01,1.444052755832672119e-01,-3.399525284767150879e-01,3.027908317744731903e-02,-4.355374872684478760e-01,1.907672919332981110e-02,4.831865429878234863e-01
