-4.344815611839294434e-01,3.706450164318084717e-01,-6.463172379881143570e-03,-7.454751431941986084e-02,-2.878156900405883789e-01,-2.577804923057556152e-01,6.676008701324462891e-01
-4.028680920600891113e-01,3.555618822574615479e-01,-2.375788427889347076e-02,-7.913384586572647095e-02,-2.805972397327423096e-01,-2.186383306980133057e-01,5.920876860618591309e-01
-4.265140593051910400e-01,3.626689910888671875e-01,-2.611682564020156860e-02,-6.654486060142517090e-02,-2.791767418384552002e-01,-2.462960779666900635e-01,6.406648755073547363e-01
-4.405701756477355957e-01,3.729769885540008545e-01,-1.132161635905504227e-02,-7.462318241596221924e-02,-2.935000658035278320e-01,-2.482212185859680176e-01,6.695285439491271973e-01
-4.465880393981933594e-01,3.704640865325927734e-01,-1.044775731861591339e-02,-6.751459836959838867e-02,-2.896783947944641113e-01,-2.445623576641082764e-01,6.833260059356689453e-01
-4.441384971141815186e-01,3.684467375278472900e-01,-4.841770976781845093e-03,-6.176015362143516541e-02,-2.800644040107727051e-01,-2.396412491798400879e-01,6.854498982429504395e-01
-4.394821226596832275e-01,3.647639155387878418e-01,-2.339487662538886070e-03,-6.060975417494773865e-02,-2.716135978698730469e-01,-2.353341579437255859e-01,6.810446381568908691e-01
-4.375584721565246582e-01,3.636952936649322510e-01,-8.287178934551775455e-04,-6.645314395427703857e-02,-2.693124413490295410e-01,-2.357214838266372681e-01,6.768643260002136230e-01
-4.392398893833160400e-01,3.649039566516876221e-01,-1.074755797162652016e-03,-7.122607529163360596e-02,-2.704645395278930664e-01,-2.396191656589508057e-01,6.739526987075805664e-01
-4.413659870624542236e-01,3.672389090061187744e-01,-1.885848934762179852e-03,-7.165949046611785889e-02,-2.733869850635528564e-01,-2.435463219881057739e-01,6.700075268745422363e-01
-4.419865608215332031e-01,3.683069348335266113e-01,-4.374446813017129898e-03,-6.726269423961639404e-02,-2.761838734149932861e-01,-2.447336316108703613e-01,6.628617644309997559e-01
-4.411169886589050293e-01,3.687353432178497314e-01,-7.976131513714790344e-03,-6.075337901711463928e-02,-2.791123390197753906e-01,-2.430278062820434570e-01,6.533656120300292969e-01
-4.406578838825225830e-01,3.694048225879669189e-01,-1.120532117784023285e-02,-5.543457716703414917e-02,-2.816690206527709961e-01,-2.412905842065811157e-01,6.450215578079223633e-01
-4.419468045234680176e-01,3.714974522590637207e-01,-1.226010266691446304e-02,-5.384695902466773987e-02,-2.831600010395050049e-01,-2.426821440458297729e-01,6.413155794143676758e-01
-4.447434842586517334e-01,3.756873011589050293e-01,-9.798230603337287903e-03,-5.688062682747840881e-02,-2.838782072067260742e-01,-2.475758194923400879e-01,6.441442966461181641e-01
-4.477770924568176270e-01,3.809095919132232666e-01,-4.560592584311962128e-03,-6.281956285238265991e-02,-2.840383648872375488e-01,-2.541218101978302002e-01,6.522449851036071777e-01
-4.499125182628631592e-01,3.867241740226745605e-01,2.591162221506237984e-03,-6.990080326795578003e-02,-2.853306531906127930e-01,-2.586889564990997314e-01,6.626296043395996094e-01
-4.500074982643127441e-01,3.913772404193878174e-01,8.405236527323722839e-03,-7.451307773590087891e-02,-2.881601154804229736e-01,-2.577058970928192139e-01,6.708335876464843750e-01
-4.485780000686645508e-01,3.942421972751617432e-01,1.227354630827903748e-02,-7.650181651115417480e-02,-2.926719486713409424e-01,-2.520800530910491943e-01,6.738760471343994141e-01
-4.469715952873229980e-01,3.944427371025085449e-01,1.364583056420087814e-02,-7.511243969202041626e-02,-2.971927225589752197e-01,-2.470524758100509644e-01,6.719933152198791504e-01
-4.468318223953247070e-01,3.934693932533264160e-01,1.441581454128026962e-02,-7.288223505020141602e-02,-3.017951846122741699e-01,-2.465404570102691650e-01,6.694032549858093262e-01
-4.472741484642028809e-01,3.917828202247619629e-01,1.274650823324918747e-02,-7.114866375923156738e-02,-3.055140674114227295e-01,-2.494917809963226318e-01,6.682872772216796875e-01
-4.470433592796325684e-01,3.891757726669311523e-01,6.990907713770866394e-03,-6.913446635007858276e-02,-3.063564598560333252e-01,-2.535905241966247559e-01,6.666501164436340332e-01
-4.461526870727539062e-01,3.847225904464721680e-01,-2.244420349597930908e-03,-6.463589519262313843e-02,-3.024053275585174561e-01,-2.578348517417907715e-01,6.627277135848999023e-01
-4.455571770668029785e-01,3.770840764045715332e-01,-1.299142744392156601e-02,-5.625082552433013916e-02,-2.932840585708618164e-01,-2.619490921497344971e-01,6.579895615577697754e-01
-4.461334645748138428e-01,3.612239956855773926e-01,-2.463149838149547577e-02,-4.441845789551734924e-02,-2.756303846836090088e-01,-2.649278640747070312e-01,6.562419533729553223e-01
-4.427913129329681396e-01,3.305244147777557373e-01,-4.394759982824325562e-02,-2.356212213635444641e-02,-2.449300736188888550e-01,-2.634888589382171631e-01,6.560554504394531250e-01
-4.353607892990112305e-01,2.911753952503204346e-01,-7.362814247608184814e-02,6.173606496304273605e-03,-2.021423429250717163e-01,-2.617384791374206543e-01,6.543362140655517578e-01
-4.327113032341003418e-01,2.373677790164947510e-01,-1.205842271447181702e-01,5.593434721231460571e-02,-1.310329586267471313e-01,-2.567914426326751709e-01,6.503086686134338379e-01
-4.299594461917877197e-01,1.739195883274078369e-01,-1.792343556880950928e-01,1.159236654639244080e-01,-3.522847965359687805e-02,-2.491821646690368652e-01,6.435047984123229980e-01
-4.187988042831420898e-01,1.284732371568679810e-01,-2.220959663391113281e-01,1.480666100978851318e-01,4.090146347880363464e-02,-2.543067932128906250e-01,6.353493928909301758e-01
-4.119472503662109375e-01,1.019730865955352783e-01,-2.403457313776016235e-01,1.551353931427001953e-01,8.443066477775573730e-02,-2.713744342327117920e-01,6.348925828933715820e-01
-4.162569940090179443e-01,7.741605490446090698e-02,-2.502166926860809326e-01,1.650414615869522095e-01,1.199020743370056152e-01,-2.816177308559417725e-01,6.426057815551757812e-01
-4.190781414508819580e-01,6.948612630367279053e-02,-2.601688206195831299e-01,1.735620647668838501e-01,1.481588631868362427e-01,-2.895981669425964355e-01,6.495087146759033203e-01
-4.162276387214660645e-01,6.715143471956253052e-02,-2.759659290313720703e-01,1.922634541988372803e-01,1.782017946243286133e-01,-2.955782115459442139e-01,6.558533906936645508e-01
-4.128597080707550049e-01,7.311390340328216553e-02,-2.861242294311523438e-01,1.995340287685394287e-01,2.016993761062622070e-01,-3.119936883449554443e-01,6.667255759239196777e-01
-4.124698638916015625e-01,9.251880645751953125e-02,-2.891927957534790039e-01,1.994270235300064087e-01,2.054668813943862915e-01,-3.323535025119781494e-01,6.744500994682312012e-01
-4.161339104175567627e-01,1.029257550835609436e-01,-2.860459685325622559e-01,1.982351839542388916e-01,2.010966241359710693e-01,-3.316079080104827881e-01,6.775746345520019531e-01
-4.172822535037994385e-01,9.921939671039581299e-02,-2.928151488304138184e-01,1.900639086961746216e-01,2.016687542200088501e-01,-3.106989860534667969e-01,6.733002662658691406e-01
-4.076030850410461426e-01,7.835068553686141968e-02,-3.083228170871734619e-01,1.942468285560607910e-01,2.234062552452087402e-01,-2.762719392776489258e-01,6.675487160682678223e-01
-4.002303481101989746e-01,8.017120510339736938e-02,-3.129667937755584717e-01,2.001282870769500732e-01,2.303058952093124390e-01,-2.557469606399536133e-01,6.678909063339233398e-01
-3.990553021430969238e-01,1.023021489381790161e-01,-3.142863512039184570e-01,2.066670656204223633e-01,2.085446864366531372e-01,-2.533959746360778809e-01,6.705146431922912598e-01
-4.004241824150085449e-01,1.259450912475585938e-01,-3.107597231864929199e-01,2.141858786344528198e-01,1.729432046413421631e-01,-2.606557309627532959e-01,6.751124262809753418e-01
-3.996397852897644043e-01,1.353743523359298706e-01,-3.037918210029602051e-01,2.324409186840057373e-01,1.473057866096496582e-01,-2.656262814998626709e-01,6.794050931930541992e-01
-3.962484598159790039e-01,1.313494294881820679e-01,-2.969894111156463623e-01,2.564440071582794189e-01,1.392726600170135498e-01,-2.645415961742401123e-01,6.812589764595031738e-01
-3.912775516510009766e-01,1.115941107273101807e-01,-2.957287728786468506e-01,2.797345221042633057e-01,1.508172601461410522e-01,-2.645350396633148193e-01,6.797806024551391602e-01
-3.921325504779815674e-01,8.614332228899002075e-02,-2.938369512557983398e-01,3.002694547176361084e-01,1.724786311388015747e-01,-2.804211378097534180e-01,6.781508922576904297e-01
-3.993064761161804199e-01,6.476458907127380371e-02,-2.916757464408874512e-01,3.216716945171356201e-01,1.910823881626129150e-01,-3.123798668384552002e-01,6.768293380737304688e-01
-4.055731296539306641e-01,5.842923745512962341e-02,-2.927329242229461670e-01,3.473841249942779541e-01,1.907601505517959595e-01,-3.454600274562835693e-01,6.689594984054565430e-01
-4.044058918952941895e-01,6.179972738027572632e-02,-3.026493191719055176e-01,3.774897158145904541e-01,1.607383787631988525e-01,-3.616242110729217529e-01,6.391821503639221191e-01
-3.911724686622619629e-01,5.560662224888801575e-02,-3.261013329029083252e-01,4.123964607715606689e-01,1.103103905916213989e-01,-3.613260090351104736e-01,5.616881847381591797e-01
-3.769981563091278076e-01,5.465984344482421875e-02,-3.346305787563323975e-01,4.336728751659393311e-01,5.562753230333328247e-02,-3.462225198745727539e-01,4.407244324684143066e-01
-3.775874972343444824e-01,7.310741394758224487e-02,-3.282010853290557861e-01,4.412466883659362793e-01,-2.805106341838836670e-04,-3.371848762035369873e-01,3.078700602054595947e-01
-3.868192136287689209e-01,1.030818223953247070e-01,-3.146120011806488037e-01,4.441435635089874268e-01,-6.560072302818298340e-02,-3.338574171066284180e-01,1.776029169559478760e-01
-3.993099033832550049e-01,1.101990416646003723e-01,-3.169707059860229492e-01,4.557689428329467773e-01,-1.135811507701873779e-01,-3.211116492748260498e-01,7.784434407949447632e-02
-4.028623700141906738e-01,1.165378987789154053e-01,-3.411911427974700928e-01,4.687320590019226074e-01,-1.415574103593826294e-01,-2.954534888267517090e-01,-1.036537904292345047e-02
-4.050079882144927979e-01,1.547563970088958740e-01,-3.611981272697448730e-01,4.782326221466064453e-01,-1.702165007591247559e-01,-2.738927602767944336e-01,-8.469527214765548706e-02
-4.127009212970733643e-01,2.199243456125259399e-01,-3.550196588039398193e-01,4.884805083274841309e-01,-2.121080458164215088e-01,-2.798730731010437012e-01,-1.024918258190155029e-01
-4.102000296115875244e-01,2.748215198516845703e-01,-3.470139801502227783e-01,5.046077966690063477e-01,-2.406985610723495483e-01,-2.750251591205596924e-01,-1.180705130100250244e-01
-3.935967981815338135e-01,3.038398325443267822e-01,-3.515087962150573730e-01,5.054433345794677734e-01,-2.598770558834075928e-01,-2.658485472202301025e-01,-1.608650237321853638e-01
-3.746998608112335205e-01,3.136543631553649902e-01,-3.513042032718658447e-01,4.910006225109100342e-01,-2.819264829158782959e-01,-2.493718266487121582e-01,-2.065316885709762573e-01
-3.622695505619049072e-01,3.034838736057281494e-01,-3.473443686962127686e-01,4.676376283168792725e-01,-3.045671582221984863e-01,-2.100048810243606567e-01,-2.321991473436355591e-01
-3.598400652408599854e-01,3.157168328762054443e-01,-3.429300189018249512e-01,4.366529285907745361e-01,-3.276334404945373535e-01,-1.308627277612686157e-01,-2.374161630868911743e-01
-3.829260766506195068e-01,4.324378371238708496e-01,-3.451480567455291748e-01,3.906856775283813477e-01,-3.713039457798004150e-01,-8.084732107818126678e-03,-2.272660136222839355e-01
-3.854914009571075439e-01,4.623327851295471191e-01,-3.595667779445648193e-01,4.046741425991058350e-01,-3.771535754203796387e-01,5.586512386798858643e-02,-2.404343783855438232e-01
-3.889937400817871094e-01,4.731088578701019287e-01,-3.565600812435150146e-01,4.012588858604431152e-01,-4.007332026958465576e-01,9.147239476442337036e-02,-2.559260725975036621e-01
-3.835382163524627686e-01,4.971739351749420166e-01,-3.592730462551116943e-01,3.590191602706909180e-01,-4.317236840724945068e-01,1.358606964349746704e-01,-2.676521837711334229e-01
-3.885116279125213623e-01,5.536845922470092773e-01,-3.645941913127899170e-01,2.743801474571228027e-01,-4.642229974269866943e-01,1.691900640726089478e-01,-2.781132161617279053e-01
-3.832336962223052979e-01,6.042928695678710938e-01,-3.779367208480834961e-01,2.152519822120666504e-01,-4.835249185562133789e-01,1.805965751409530640e-01,-2.879543900489807129e-01
-3.798704743385314941e-01,6.419131159782409668e-01,-3.812546730041503906e-01,1.740206331014633179e-01,-4.862375855445861816e-01,1.497132927179336548e-01,-2.793007791042327881e-01
-3.848737478256225586e-01,6.746028065681457520e-01,-3.693338036537170410e-01,1.323022395372390747e-01,-4.863545000553131104e-01,1.099185496568679810e-01,-2.371695786714553833e-01
-3.804091215133666992e-01,6.973962783813476562e-01,-3.741771280765533447e-01,1.154621616005897522e-01,-4.825155138969421387e-01,9.479717910289764404e-02,-2.049208134412765503e-01
-3.824070692062377930e-01,7.208325862884521484e-01,-3.721137344837188721e-01,1.118984445929527283e-01,-4.899754524230957031e-01,1.056499853730201721e-01,-1.918768584728240967e-01
-3.988023102283477783e-01,7.420983910560607910e-01,-3.691908717155456543e-01,1.112799867987632751e-01,-5.076957345008850098e-01,1.180264502763748169e-01,-1.938528120517730713e-01
-4.162650406360626221e-01,7.535850405693054199e-01,-3.737293481826782227e-01,1.081892997026443481e-01,-5.180394053459167480e-01,1.114568114280700684e-01,-1.997896134853363037e-01
-4.182470142841339111e-01,7.541542649269104004e-01,-3.795235753059387207e-01,1.053124964237213135e-01,-5.140501856803894043e-01,9.062782675027847290e-02,-2.069481909275054932e-01
-4.033930897712707520e-01,7.427565455436706543e-01,-3.808976411819458008e-01,1.116733998060226440e-01,-4.977311491966247559e-01,6.013404577970504761e-02,-2.183098942041397095e-01
-3.797307908535003662e-01,7.154402136802673340e-01,-3.687743246555328369e-01,1.338031589984893799e-01,-4.865565299987792969e-01,2.295941673219203949e-02,-2.212959825992584229e-01
-3.473367094993591309e-01,6.521164178848266602e-01,-3.465185761451721191e-01,1.700296998023986816e-01,-4.789872765541076660e-01,3.408710239455103874e-03,-2.221312373876571655e-01
-3.243257403373718262e-01,5.643498897552490234e-01,-3.242639899253845215e-01,1.875810176134109497e-01,-4.693596363067626953e-01,8.924019522964954376e-03,-2.227051854133605957e-01
-3.015736043453216553e-01,4.652943909168243408e-01,-3.152275383472442627e-01,2.010058611631393433e-01,-4.546448290348052979e-01,3.239523991942405701e-02,-2.167128026485443115e-01
-2.800073027610778809e-01,3.471535146236419678e-01,-3.200021386146545410e-01,2.023036777973175049e-01,-4.185599088668823242e-01,4.553984105587005615e-02,-2.126530855894088745e-01
-2.781820893287658691e-01,2.403846085071563721e-01,-3.306874930858612061e-01,1.953542232513427734e-01,-3.618513047695159912e-01,5.637696385383605957e-02,-2.169744670391082764e-01
-2.709767520427703857e-01,1.790081709623336792e-01,-3.353644609451293945e-01,1.479837894439697266e-01,-3.248897790908813477e-01,9.884789586067199707e-02,-2.025798410177230835e-01
-2.692705690860748291e-01,1.506266295909881592e-01,-3.410015404224395752e-01,1.253079921007156372e-01,-3.053482770919799805e-01,9.675905853509902954e-02,-1.732162237167358398e-01
-2.793414592742919922e-01,1.237731054425239563e-01,-3.441860675811767578e-01,9.925313293933868408e-02,-2.906263470649719238e-01,8.004207909107208252e-02,-1.227313503623008728e-01
-2.856294214725494385e-01,1.273396462202072144e-01,-3.364154994487762451e-01,7.513374090194702148e-02,-2.971177399158477783e-01,6.669002026319503784e-02,-7.515417039394378662e-02
-2.865158915519714355e-01,1.177010610699653625e-01,-3.498665988445281982e-01,6.828097999095916748e-02,-2.914807200431823730e-01,6.174466758966445923e-02,-6.245074048638343811e-02
-2.860700488090515137e-01,1.216799989342689514e-01,-3.529420495033264160e-01,5.643323063850402832e-02,-2.905856668949127197e-01,5.630459636449813843e-02,-6.802535802125930786e-02
-2.876889109611511230e-01,1.299483627080917358e-01,-3.524191975593566895e-01,4.390373453497886658e-02,-2.897343039512634277e-01,5.265661701560020447e-02,-7.831281423568725586e-02
-2.887827157974243164e-01,1.394490897655487061e-01,-3.506253957748413086e-01,2.986991219222545624e-02,-2.875384390354156494e-01,4.597693309187889099e-02,-8.522359281778335571e-02
-2.871281802654266357e-01,1.468371450901031494e-01,-3.489823043346405029e-01,1.830647699534893036e-02,-2.825680971145629883e-01,3.886371850967407227e-02,-8.731477707624435425e-02
-2.829535901546478271e-01,1.502366065979003906e-01,-3.480266332626342773e-01,1.292487792670726776e-02,-2.758217751979827881e-01,3.254189714789390564e-02,-8.774445950984954834e-02
-2.789599001407623291e-01,1.500250399112701416e-01,-3.475272357463836670e-01,1.565002277493476868e-02,-2.696471810340881348e-01,2.865612320601940155e-02,-8.877370506525039673e-02
-2.771980166435241699e-01,1.475938558578491211e-01,-3.468905389308929443e-01,2.399196475744247437e-02,-2.664647400379180908e-01,2.722224220633506775e-02,-9.093470126390457153e-02
-2.771491706371307373e-01,1.451331079006195068e-01,-3.453848659992218018e-01,3.264737874269485474e-02,-2.666854858398437500e-01,2.750383317470550537e-02,-9.370683133602142334e-02
-2.772610187530517578e-01,1.434114277362823486e-01,-3.434246480464935303e-01,3.732575476169586182e-02,-2.689794301986694336e-01,2.835110202431678772e-02,-9.630204737186431885e-02
-2.759317159652709961e-01,1.439616829156875610e-01,-3.406509757041931152e-01,3.772778064012527466e-02,-2.725921869277954102e-01,2.942243404686450958e-02,-9.727894514799118042e-02
-2.737022638320922852e-01,1.449819654226303101e-01,-3.391216099262237549e-01,3.336397185921669006e-02,-2.756815254688262939e-01,3.096016868948936462e-02,-9.843992441892623901e-02
-2.712120711803436279e-01,1.479443311691284180e-01,-3.382947742938995361e-01,2.657873369753360748e-02,-2.791907489299774170e-01,3.298115730285644531e-02,-9.842151403427124023e-02
-2.689660489559173584e-01,1.515786647796630859e-01,-3.387556076049804688e-01,1.911774277687072754e-02,-2.823809087276458740e-01,3.539557382464408875e-02,-9.719495475292205811e-02
-2.672823369503021240e-01,1.547666639089584351e-01,-3.400854170322418213e-01,1.239568926393985748e-02,-2.845460772514343262e-01,3.771280869841575623e-02,-9.488269686698913574e-02
-2.662074565887451172e-01,1.565160304307937622e-01,-3.418569266796112061e-01,7.519753184169530869e-03,-2.850383222103118896e-01,3.984254971146583557e-02,-9.195480495691299438e-02
-2.656438648700714111e-01,1.566035002470016479e-01,-3.435899019241333008e-01,4.929887130856513977e-03,-2.837735414505004883e-01,4.176570102572441101e-02,-8.905260264873504639e-02
-2.655590176582336426e-01,1.556027531623840332e-01,-3.449071645736694336e-01,4.556756932288408279e-03,-2.812437713146209717e-01,4.354772716760635376e-02,-8.678073436021804810e-02
-2.659746110439300537e-01,1.546133458614349365e-01,-3.455795645713806152e-01,5.855261348187923431e-03,-2.783344984054565430e-01,4.522839188575744629e-02,-8.550328016281127930e-02
-2.668606638908386230e-01,1.547266989946365356e-01,-3.455944359302520752e-01,8.000207133591175079e-03,-2.760197520256042480e-01,4.686370119452476501e-02,-8.518528938293457031e-02
-2.680555880069732666e-01,1.565320640802383423e-01,-3.451596200466156006e-01,1.012529246509075165e-02,-2.750634551048278809e-01,4.851049557328224182e-02,-8.535818755626678467e-02
-2.692915797233581543e-01,1.598953455686569214e-01,-3.446034789085388184e-01,1.161132846027612686e-02,-2.757941484451293945e-01,5.017383396625518799e-02,-8.525350689888000488e-02
-2.702871263027191162e-01,1.640733927488327026e-01,-3.442081212997436523e-01,1.226779352873563766e-02,-2.780368924140930176e-01,5.174801871180534363e-02,-8.408496528863906860e-02
-2.708541154861450195e-01,1.680471897125244141e-01,-3.440785109996795654e-01,1.232215296477079391e-02,-2.812359333038330078e-01,5.304136872291564941e-02,-8.134490996599197388e-02
-2.709590494632720947e-01,1.708978116512298584e-01,-3.441216349601745605e-01,1.222596876323223114e-02,-2.847042083740234375e-01,5.388357117772102356e-02,-7.697201520204544067e-02
-2.707022130489349365e-01,1.720862239599227905e-01,-3.441342413425445557e-01,1.239724829792976379e-02,-2.878737151622772217e-01,5.423632636666297913e-02,-7.133919745683670044e-02
-2.702438831329345703e-01,1.715677380561828613e-01,-3.439252376556396484e-01,1.303390227258205414e-02,-2.904400229454040527e-01,5.423087999224662781e-02,-6.510292738676071167e-02
-2.697402536869049072e-01,1.697445064783096313e-01,-3.434005677700042725e-01,1.408099476248025894e-02,-2.923683524131774902e-01,5.413297936320304871e-02,-5.899826064705848694e-02
-2.693204879760742188e-01,1.672996878623962402e-01,-3.425921201705932617e-01,1.531959418207406998e-02,-2.937953472137451172e-01,5.426089093089103699e-02,-5.364993959665298462e-02
-2.690853178501129150e-01,1.649801731109619141e-01,-3.416372239589691162e-01,1.649496145546436310e-02,-2.948986887931823730e-01,5.488559976220130920e-02,-4.944906756281852722e-02
-2.691024541854858398e-01,1.633912920951843262e-01,-3.407196402549743652e-01,1.741982810199260712e-02,-2.958013117313385010e-01,5.614122375845909119e-02,-4.650522768497467041e-02
-2.694045603275299072e-01,1.628574728965759277e-01,-3.399893343448638916e-01,1.803434453904628754e-02,-2.965449988842010498e-01,5.798691138625144958e-02,-4.466217383742332458e-02
-2.699964642524719238e-01,1.633801311254501343e-01,-3.395037949085235596e-01,1.842003874480724335e-02,-2.971235215663909912e-01,6.023495644330978394e-02,-4.356140270829200745e-02
