-4.344842731952667236e-01,3.706485331058502197e-01,-6.629524286836385727e-03,-7.455875724554061890e-02,-2.878306806087493896e-01,-2.571953833103179932e-01,6.667058467864990234e-01
-4.222157001495361328e-01,3.703106939792633057e-01,9.674836765043437481e-04,-7.098188251256942749e-02,-2.759012281894683838e-01,-2.576620876789093018e-01,6.442823410034179688e-01
-4.308618605136871338e-01,3.718423247337341309e-01,-1.499697379767894745e-02,-7.105926424264907837e-02,-2.783547639846801758e-01,-2.524648010730743408e-01,6.604277491569519043e-01
-4.342421293258666992e-01,3.698145449161529541e-01,8.527718600817024708e-04,-6.053077429533004761e-02,-2.894376218318939209e-01,-2.571416795253753662e-01,6.673822999000549316e-01
-4.361654520034790039e-01,3.620838522911071777e-01,-3.707395168021321297e-03,-5.763821303844451904e-02,-2.888446450233459473e-01,-2.552481591701507568e-01,6.661033630371093750e-01
-4.353637397289276123e-01,3.559853732585906982e-01,-4.663268104195594788e-03,-5.110182240605354309e-02,-2.860349714756011963e-01,-2.582126557826995850e-01,6.588584184646606445e-01
-4.344057142734527588e-01,3.520016670227050781e-01,-4.026071634143590927e-03,-4.518909379839897156e-02,-2.831803262233734131e-01,-2.605438232421875000e-01,6.506636142730712891e-01
-4.343860447406768799e-01,3.508562743663787842e-01,-2.696213545277714729e-03,-4.275256022810935974e-02,-2.817867696285247803e-01,-2.613655626773834229e-01,6.456330418586730957e-01
-4.347214102745056152e-01,3.513779342174530029e-01,-1.650602323934435844e-03,-4.414263740181922913e-02,-2.814057469367980957e-01,-2.605903744697570801e-01,6.437595486640930176e-01
-4.353203773498535156e-01,3.536005914211273193e-01,-5.181424785405397415e-05,-4.700991138815879822e-02,-2.817593216896057129e-01,-2.603237926959991455e-01,6.437640786170959473e-01
-4.369506835937500000e-01,3.580256700515747070e-01,2.658806508406996727e-03,-4.914200678467750549e-02,-2.828622758388519287e-01,-2.624121904373168945e-01,6.457959413528442383e-01
-4.399021863937377930e-01,3.635359704494476318e-01,5.775224417448043823e-03,-4.957850649952888489e-02,-2.846959829330444336e-01,-2.658878266811370850e-01,6.495143175125122070e-01
-4.430045485496520996e-01,3.685321509838104248e-01,8.339081890881061554e-03,-4.826607555150985718e-02,-2.868723571300506592e-01,-2.678814530372619629e-01,6.528439521789550781e-01
-4.450262784957885742e-01,3.713899850845336914e-01,9.603639133274555206e-03,-4.513939097523689270e-02,-2.887379229068756104e-01,-2.672953605651855469e-01,6.537742614746093750e-01
-4.455873966217041016e-01,3.723247349262237549e-01,9.924202226102352142e-03,-4.113094136118888855e-02,-2.905895411968231201e-01,-2.653472125530242920e-01,6.523320078849792480e-01
-4.449760615825653076e-01,3.726580739021301270e-01,9.759952314198017120e-03,-3.846621140837669373e-02,-2.935212254524230957e-01,-2.644064724445343018e-01,6.502531766891479492e-01
-4.436856806278228760e-01,3.740384876728057861e-01,1.015179045498371124e-02,-3.912146389484405518e-02,-2.981367707252502441e-01,-2.652980089187622070e-01,6.491474509239196777e-01
-4.423335790634155273e-01,3.765208125114440918e-01,1.139347068965435028e-02,-4.343327879905700684e-02,-3.036885261535644531e-01,-2.671406269073486328e-01,6.496847271919250488e-01
-4.411968290805816650e-01,3.799003362655639648e-01,1.358034089207649231e-02,-4.998961463570594788e-02,-3.091267049312591553e-01,-2.681600451469421387e-01,6.513759493827819824e-01
-4.403515160083770752e-01,3.838632404804229736e-01,1.594335772097110748e-02,-5.718299001455307007e-02,-3.145667612552642822e-01,-2.674022614955902100e-01,6.530190706253051758e-01
-4.396075010299682617e-01,3.878560662269592285e-01,1.778222061693668365e-02,-6.295465677976608276e-02,-3.207894563674926758e-01,-2.645501196384429932e-01,6.534111499786376953e-01
-4.388021230697631836e-01,3.902064561843872070e-01,1.795012876391410828e-02,-6.463187187910079956e-02,-3.270894289016723633e-01,-2.605417966842651367e-01,6.518924236297607422e-01
-4.378064870834350586e-01,3.884541690349578857e-01,1.539170462638139725e-02,-6.023490056395530701e-02,-3.301694989204406738e-01,-2.575107216835021973e-01,6.495856046676635742e-01
-4.362611472606658936e-01,3.798860311508178711e-01,7.653167936950922012e-03,-4.851795732975006104e-02,-3.253930211067199707e-01,-2.562086284160614014e-01,6.489830613136291504e-01
-4.341714680194854736e-01,3.640397787094116211e-01,-7.590234279632568359e-03,-2.946887910366058350e-02,-3.079002797603607178e-01,-2.560314834117889404e-01,6.528451442718505859e-01
-4.312376379966735840e-01,3.407283425331115723e-01,-3.112484887242317200e-02,-4.133176989853382111e-03,-2.736796736717224121e-01,-2.555234432220458984e-01,6.623767018318176270e-01
-4.281500577926635742e-01,3.104345500469207764e-01,-5.988977476954460144e-02,2.347795106470584869e-02,-2.232403457164764404e-01,-2.554326653480529785e-01,6.755258440971374512e-01
-4.267472028732299805e-01,2.780996263027191162e-01,-9.256192296743392944e-02,4.872988536953926086e-02,-1.653255969285964966e-01,-2.554537355899810791e-01,6.877015829086303711e-01
-4.254443943500518799e-01,2.436532378196716309e-01,-1.342865377664566040e-01,7.836107164621353149e-02,-1.051075160503387451e-01,-2.542192637920379639e-01,6.953875422477722168e-01
-4.226593971252441406e-01,2.090734541416168213e-01,-1.767857521772384644e-01,1.121623590588569641e-01,-4.583166912198066711e-02,-2.577440440654754639e-01,6.981247663497924805e-01
-4.169351160526275635e-01,1.810547262430191040e-01,-2.055272459983825684e-01,1.404270380735397339e-01,5.811867769807577133e-03,-2.659865319728851318e-01,6.958778500556945801e-01
-4.105990529060363770e-01,1.600129008293151855e-01,-2.174228876829147339e-01,1.599659323692321777e-01,4.400166869163513184e-02,-2.674801349639892578e-01,6.886860728263854980e-01
-4.075308144092559814e-01,1.404718756675720215e-01,-2.179710268974304199e-01,1.695129126310348511e-01,7.181980460882186890e-02,-2.530605196952819824e-01,6.821392178535461426e-01
-4.072979986667633057e-01,1.239494606852531433e-01,-2.175127118825912476e-01,1.743214577436447144e-01,9.766101837158203125e-02,-2.342955321073532104e-01,6.817405819892883301e-01
-4.120911657810211182e-01,1.230419576168060303e-01,-2.372724115848541260e-01,1.851631551980972290e-01,1.190557405352592468e-01,-2.177015691995620728e-01,6.894416213035583496e-01
-4.092688858509063721e-01,1.320558488368988037e-01,-2.605726420879364014e-01,1.894664168357849121e-01,1.303259581327438354e-01,-2.085309624671936035e-01,6.966449618339538574e-01
-4.009248912334442139e-01,1.442647725343704224e-01,-2.706407606601715088e-01,1.790550649166107178e-01,1.270886212587356567e-01,-2.041045427322387695e-01,7.018476128578186035e-01
-4.045753777027130127e-01,1.691868156194686890e-01,-2.626495361328125000e-01,1.629210114479064941e-01,1.140690296888351440e-01,-2.099102437496185303e-01,7.125532031059265137e-01
-4.175071120262145996e-01,2.099381685256958008e-01,-2.333461791276931763e-01,1.478686332702636719e-01,1.000835299491882324e-01,-2.226482182741165161e-01,7.199574112892150879e-01
-4.247348010540008545e-01,2.232389897108078003e-01,-2.128967493772506714e-01,1.406246572732925415e-01,1.062143072485923767e-01,-2.255152016878128052e-01,7.125827670097351074e-01
-4.143390059471130371e-01,1.982368975877761841e-01,-2.210091948509216309e-01,1.382668912410736084e-01,1.252447366714477539e-01,-2.331645488739013672e-01,6.924827694892883301e-01
-3.991158902645111084e-01,1.825687587261199951e-01,-2.216393202543258667e-01,1.342230588197708130e-01,1.344208419322967529e-01,-2.455514073371887207e-01,6.725520491600036621e-01
-3.945606648921966553e-01,1.813604682683944702e-01,-2.144843041896820068e-01,1.422871649265289307e-01,1.308104395866394043e-01,-2.426219433546066284e-01,6.648899912834167480e-01
-4.051313996315002441e-01,1.880050152540206909e-01,-2.051716297864913940e-01,1.640875190496444702e-01,1.213773041963577271e-01,-2.340628802776336670e-01,6.751138567924499512e-01
-4.251141250133514404e-01,1.952278465032577515e-01,-1.936334222555160522e-01,1.887121200561523438e-01,1.055328622460365295e-01,-2.307861745357513428e-01,6.939145922660827637e-01
-4.447793066501617432e-01,1.988832950592041016e-01,-1.978001147508621216e-01,2.268333882093429565e-01,7.377320528030395508e-02,-2.405741512775421143e-01,6.984733939170837402e-01
-4.520877301692962646e-01,2.073793858289718628e-01,-2.244193851947784424e-01,2.876087427139282227e-01,1.744022592902183533e-02,-2.499116212129592896e-01,6.663619875907897949e-01
-4.475962221622467041e-01,2.179274708032608032e-01,-2.507597208023071289e-01,3.453788161277770996e-01,-4.796735197305679321e-02,-2.575812339782714844e-01,5.821599364280700684e-01
-4.424018263816833496e-01,2.405044436454772949e-01,-2.590892016887664795e-01,3.676856160163879395e-01,-1.188061013817787170e-01,-2.535314261913299561e-01,4.796061217784881592e-01
-4.412775635719299316e-01,2.647155821323394775e-01,-2.524444758892059326e-01,3.631587028503417969e-01,-1.802738308906555176e-01,-2.393042445182800293e-01,3.987101316452026367e-01
-4.428222179412841797e-01,2.812873125076293945e-01,-2.427723854780197144e-01,3.546330630779266357e-01,-2.147713601589202881e-01,-2.417968213558197021e-01,3.454971015453338623e-01
-4.322675466537475586e-01,2.895117700099945068e-01,-2.473087310791015625e-01,3.635953664779663086e-01,-2.246823310852050781e-01,-2.444278448820114136e-01,2.972733676433563232e-01
-4.231154024600982666e-01,3.036089837551116943e-01,-2.522450387477874756e-01,3.759316802024841309e-01,-2.479844093322753906e-01,-2.430035918951034546e-01,2.475764453411102295e-01
-4.274322092533111572e-01,3.158251047134399414e-01,-2.533863484859466553e-01,3.777750134468078613e-01,-2.792104780673980713e-01,-2.442308664321899414e-01,2.252074182033538818e-01
-4.323998987674713135e-01,3.273369371891021729e-01,-2.564842104911804199e-01,3.681632280349731445e-01,-2.890342175960540771e-01,-2.336082160472869873e-01,2.209759801626205444e-01
-4.384619295597076416e-01,3.501581251621246338e-01,-2.674875855445861816e-01,3.644024133682250977e-01,-2.985571920871734619e-01,-2.256148755550384521e-01,2.196158617734909058e-01
-4.391326904296875000e-01,3.899081647396087646e-01,-2.816250622272491455e-01,3.543168306350708008e-01,-3.312665522098541260e-01,-2.145723700523376465e-01,2.041181921958923340e-01
-4.308503568172454834e-01,4.332248866558074951e-01,-2.899954319000244141e-01,3.358587324619293213e-01,-3.777820765972137451e-01,-1.853611618280410767e-01,1.747533977031707764e-01
-4.265199899673461914e-01,4.670962095260620117e-01,-2.907336950302124023e-01,3.229683637619018555e-01,-4.036284685134887695e-01,-1.383175551891326904e-01,1.599723845720291138e-01
-4.327016770839691162e-01,5.232870578765869141e-01,-2.837773263454437256e-01,2.995396852493286133e-01,-4.330320954322814941e-01,-7.269152998924255371e-02,1.412233114242553711e-01
-4.370751678943634033e-01,5.795784592628479004e-01,-2.760649621486663818e-01,2.795895934104919434e-01,-4.731737673282623291e-01,-1.039860583841800690e-02,1.225121468305587769e-01
-4.339993596076965332e-01,6.271573305130004883e-01,-2.726473510265350342e-01,2.510637640953063965e-01,-5.145663022994995117e-01,3.047273680567741394e-02,1.089662536978721619e-01
-4.297046065330505371e-01,6.656057238578796387e-01,-2.735352516174316406e-01,2.157126069068908691e-01,-5.443676710128784180e-01,5.026843026280403137e-02,1.096872389316558838e-01
-4.343888759613037109e-01,7.001641392707824707e-01,-2.747545540332794189e-01,1.832156628370285034e-01,-5.714224576950073242e-01,5.697393789887428284e-02,1.129518225789070129e-01
-4.411204159259796143e-01,7.295081019401550293e-01,-2.755122482776641846e-01,1.526967585086822510e-01,-5.925654768943786621e-01,4.696610942482948303e-02,1.156050711870193481e-01
-4.374553859233856201e-01,7.554153800010681152e-01,-2.749814689159393311e-01,1.245384663343429565e-01,-6.019349694252014160e-01,2.954429574310779572e-02,1.127103418111801147e-01
-4.292070865631103516e-01,7.717887163162231445e-01,-2.786727547645568848e-01,1.103037819266319275e-01,-5.973621606826782227e-01,2.919042296707630157e-02,1.067251712083816528e-01
-4.292637705802917480e-01,7.848309278488159180e-01,-2.772362530231475830e-01,1.085664629936218262e-01,-5.859271883964538574e-01,5.265081301331520081e-02,1.124107390642166138e-01
-4.374099373817443848e-01,7.999901175498962402e-01,-2.699766159057617188e-01,9.755603224039077759e-02,-5.805593729019165039e-01,7.529906183481216431e-02,1.314904987812042236e-01
-4.404859542846679688e-01,8.137245178222656250e-01,-2.631797492504119873e-01,7.868640124797821045e-02,-5.835677385330200195e-01,8.508861809968948364e-02,1.518204659223556519e-01
-4.362908601760864258e-01,8.184536695480346680e-01,-2.605600357055664062e-01,6.150851398706436157e-02,-5.826424360275268555e-01,7.970107346773147583e-02,1.623461097478866577e-01
-4.326062500476837158e-01,8.138214349746704102e-01,-2.602990269660949707e-01,4.761959612369537354e-02,-5.731933116912841797e-01,6.937159597873687744e-02,1.689459383487701416e-01
-4.288345575332641602e-01,8.019772768020629883e-01,-2.600862979888916016e-01,3.481218963861465454e-02,-5.600272417068481445e-01,6.338798254728317261e-02,1.768783032894134521e-01
-4.161834120750427246e-01,7.795573472976684570e-01,-2.536790668964385986e-01,1.857468672096729279e-02,-5.494031310081481934e-01,5.557499453425407410e-02,1.750547736883163452e-01
-3.997590839862823486e-01,7.485513687133789062e-01,-2.422355860471725464e-01,1.831469498574733734e-02,-5.479345917701721191e-01,4.383457452058792114e-02,1.713117808103561401e-01
-3.766380548477172852e-01,7.068108320236206055e-01,-2.287162840366363525e-01,4.849619418382644653e-02,-5.475209951400756836e-01,4.700129851698875427e-02,1.604538410902023315e-01
-3.471119105815887451e-01,6.456030011177062988e-01,-2.229824364185333252e-01,8.477852493524551392e-02,-5.468398928642272949e-01,6.213715299963951111e-02,1.251702755689620972e-01
-3.221008181571960449e-01,5.753257274627685547e-01,-2.275213748216629028e-01,1.178955137729644775e-01,-5.581192970275878906e-01,7.483867555856704712e-02,7.262244075536727905e-02
-3.099334537982940674e-01,5.029860734939575195e-01,-2.345192730426788330e-01,1.109578758478164673e-01,-5.726190805435180664e-01,5.015918612480163574e-02,4.481307789683341980e-02
-2.967569828033447266e-01,4.366015493869781494e-01,-2.337391376495361328e-01,6.858761608600616455e-02,-5.654627084732055664e-01,3.788523748517036438e-02,2.101888135075569153e-02
-2.889953851699829102e-01,3.745014965534210205e-01,-2.204924970865249634e-01,3.088907804340124130e-03,-5.343512296676635742e-01,2.488618157804012299e-02,3.485561534762382507e-02
-3.055270314216613770e-01,3.420917689800262451e-01,-1.797302663326263428e-01,-9.688006341457366943e-02,-5.226866602897644043e-01,-8.450573310256004333e-03,9.576728194952011108e-02
-3.068476319313049316e-01,3.345698416233062744e-01,-1.546463370323181152e-01,-1.648384034633636475e-01,-5.328992605209350586e-01,-3.331031650304794312e-02,1.381752640008926392e-01
-2.982015311717987061e-01,3.322277665138244629e-01,-1.574595868587493896e-01,-1.881074607372283936e-01,-5.440566539764404297e-01,-3.701950237154960632e-02,1.540759205818176270e-01
-3.002958595752716064e-01,3.475791215896606445e-01,-1.610535085201263428e-01,-1.929036378860473633e-01,-5.602483153343200684e-01,-4.924685880541801453e-02,1.633868664503097534e-01
-3.003045320510864258e-01,3.668622672557830811e-01,-1.621476858854293823e-01,-1.990703642368316650e-01,-5.697131156921386719e-01,-6.338340044021606445e-02,1.678462028503417969e-01
-2.907830178737640381e-01,3.697675168514251709e-01,-1.672831326723098755e-01,-2.063496112823486328e-01,-5.638750791549682617e-01,-6.880176812410354614e-02,1.624619811773300171e-01
-2.856116294860839844e-01,3.628938794136047363e-01,-1.750381290912628174e-01,-2.176664620637893677e-01,-5.475438237190246582e-01,-7.976465672254562378e-02,1.644474714994430542e-01
-2.841106057167053223e-01,3.581321835517883301e-01,-1.802212744951248169e-01,-2.274686247110366821e-01,-5.303795337677001953e-01,-9.070816636085510254e-02,1.717242747545242310e-01
-2.832686901092529297e-01,3.536799252033233643e-01,-1.855245232582092285e-01,-2.296205312013626099e-01,-5.168043971061706543e-01,-9.739112108945846558e-02,1.737152636051177979e-01
-2.833196520805358887e-01,3.539850711822509766e-01,-1.882434785366058350e-01,-2.245027571916580200e-01,-5.130736231803894043e-01,-9.873893857002258301e-02,1.699687987565994263e-01
-2.841938436031341553e-01,3.616726100444793701e-01,-1.862674802541732788e-01,-2.163218110799789429e-01,-5.193421840667724609e-01,-9.494104981422424316e-02,1.638644933700561523e-01
-2.848327159881591797e-01,3.740309476852416992e-01,-1.806519627571105957e-01,-2.098128199577331543e-01,-5.295655131340026855e-01,-8.783914893865585327e-02,1.576216816902160645e-01
-2.847707569599151611e-01,3.857693672180175781e-01,-1.743543297052383423e-01,-2.066264152526855469e-01,-5.386323332786560059e-01,-8.077091723680496216e-02,1.540627926588058472e-01
-2.847313284873962402e-01,3.934461772441864014e-01,-1.695968210697174072e-01,-2.075866162776947021e-01,-5.442756414413452148e-01,-7.632360607385635376e-02,1.551571339368820190e-01
-2.853699028491973877e-01,3.978532254695892334e-01,-1.662722676992416382e-01,-2.119876146316528320e-01,-5.472212433815002441e-01,-7.432322204113006592e-02,1.605085879564285278e-01
-2.862114310264587402e-01,4.014770686626434326e-01,-1.636302322149276733e-01,-2.172806859016418457e-01,-5.490263104438781738e-01,-7.264640182256698608e-02,1.676601916551589966e-01
-2.866698801517486572e-01,4.051044881343841553e-01,-1.616685241460800171e-01,-2.213733643293380737e-01,-5.507197976112365723e-01,-6.971811503171920776e-02,1.735853105783462524e-01
-2.866803109645843506e-01,4.081265032291412354e-01,-1.602888405323028564e-01,-2.233827114105224609e-01,-5.529508590698242188e-01,-6.579000502824783325e-02,1.774156242609024048e-01
-2.865742444992065430e-01,4.097908139228820801e-01,-1.592801213264465332e-01,-2.238612473011016846e-01,-5.558123588562011719e-01,-6.185388192534446716e-02,1.799028366804122925e-01
-2.866878509521484375e-01,4.100272953510284424e-01,-1.584407091140747070e-01,-2.238755375146865845e-01,-5.588583350181579590e-01,-5.851414427161216736e-02,1.816149055957794189e-01
-2.871890962123870850e-01,4.093403518199920654e-01,-1.576541960239410400e-01,-2.240937948226928711e-01,-5.614659190177917480e-01,-5.560670793056488037e-02,1.821949034929275513e-01
-2.881007492542266846e-01,4.084236621856689453e-01,-1.568408310413360596e-01,-2.246391326189041138e-01,-5.632548928260803223e-01,-5.266346782445907593e-02,1.810006350278854370e-01
-2.893343269824981689e-01,4.078792929649353027e-01,-1.559319049119949341e-01,-2.254385650157928467e-01,-5.641853809356689453e-01,-4.946475848555564880e-02,1.778696328401565552e-01
-2.907065451145172119e-01,4.080422222614288330e-01,-1.548848897218704224e-01,-2.264330983161926270e-01,-5.643844008445739746e-01,-4.614824429154396057e-02,1.732008606195449829e-01
-2.919830083847045898e-01,4.088973701000213623e-01,-1.537096351385116577e-01,-2.275424450635910034e-01,-5.639836788177490234e-01,-4.300539940595626831e-02,1.676095277070999146e-01
-2.929463386535644531e-01,4.101546406745910645e-01,-1.524725556373596191e-01,-2.286324054002761841e-01,-5.631254911422729492e-01,-4.029249399900436401e-02,1.616608947515487671e-01
-2.934566736221313477e-01,4.114577174186706543e-01,-1.512707173824310303e-01,-2.295812964439392090e-01,-5.620541572570800781e-01,-3.818901255726814270e-02,1.558354794979095459e-01
-2.934874594211578369e-01,4.125819504261016846e-01,-1.501955240964889526e-01,-2.303571254014968872e-01,-5.611366629600524902e-01,-3.682866320013999939e-02,1.505823284387588501e-01
-2.931251823902130127e-01,4.135060012340545654e-01,-1.493102908134460449e-01,-2.310268282890319824e-01,-5.607721805572509766e-01,-3.630629926919937134e-02,1.463213264942169189e-01
-2.925269007682800293e-01,4.143477380275726318e-01,-1.486546099185943604e-01,-2.317086607217788696e-01,-5.612520575523376465e-01,-3.663787245750427246e-02,1.433731615543365479e-01
-2.918500006198883057e-01,4.152424633502960205e-01,-1.482609510421752930e-01,-2.325142771005630493e-01,-5.626634955406188965e-01,-3.772139176726341248e-02,1.418771445751190186e-01
-2.911936044692993164e-01,4.162509441375732422e-01,-1.481634676456451416e-01,-2.335115075111389160e-01,-5.648711919784545898e-01,-3.934390842914581299e-02,1.417543590068817139e-01
-2.905841767787933350e-01,4.173369109630584717e-01,-1.483870744705200195e-01,-2.347089946269989014e-01,-5.675705671310424805e-01,-4.123483225703239441e-02,1.427447348833084106e-01
-2.900062799453735352e-01,4.183958470821380615e-01,-1.489265710115432739e-01,-2.360606938600540161e-01,-5.703748464584350586e-01,-4.313235357403755188e-02,1.445057243108749390e-01
-2.894488871097564697e-01,4.193064272403717041e-01,-1.497277170419692993e-01,-2.374861538410186768e-01,-5.729023814201354980e-01,-4.483341798186302185e-02,1.467249989509582520e-01
-2.889322042465209961e-01,4.199788272380828857e-01,-1.506828516721725464e-01,-2.388984262943267822e-01,-5.748421549797058105e-01,-4.621330276131629944e-02,1.491931378841400146e-01
-2.885042130947113037e-01,4.203828275203704834e-01,-1.516449898481369019e-01,-2.402259111404418945e-01,-5.759931206703186035e-01,-4.722189530730247498e-02,1.518034934997558594e-01
-2.882168591022491455e-01,4.205508828163146973e-01,-1.524561643600463867e-01,-2.414196729660034180e-01,-5.762768387794494629e-01,-4.787039756774902344e-02,1.544987261295318604e-01
-2.881041169166564941e-01,4.205589592456817627e-01,-1.529785692691802979e-01,-2.424469888210296631e-01,-5.757334828376770020e-01,-4.822026193141937256e-02,1.572086811065673828e-01
